298

3) 0101 0000110100 B. 85.
0011111101· m. 00100 ΙΠ. 18.
0011111000 0011100010 010100 5, 79.
0011111110 ιιι. 101000 101. 21. 11607.

ΙΠ. 440.

0011010101 0. 101. 16.
0011100 ιιι. Ι. 79. 84. 0011100001

spot spriehw. Ι. 102. 11109.
001100111010. Ι. 150.

00110100 1v. 677. 0. 00110000.
0011000 Π 134.
0011010010101 ιιι. 0010100100οΙ 11.

336.
00110000001101008,137.0011101011.
00110000 ιιι. 8, 191. 204.

, 00110 0. 101. 001000 IL 767. IV.

398.

0011010111 ιιι. ΠΙ. 169.
0011000110001 1. 11. 56211
0011001100000101 01. Π. 703.
00111οι 0. 3, 3411. 5, 74. 001101 010.

1010010. agn. 0011, angl. 011000

IV. 362. 570.

0011011. 0100001. 136.
’001101010001 1. 0010101000 II. 389.
00110100 00101000 17. 396.
0011001100 Ι. 35. ’

0011100 3. praes. 00111011 11, 80. ¹
00110031. ΙΠ. 255.

00111ορ adj. 0011011 ΙΙ. 300. Β. 16.
0011001101. 11, 7*.

00110011 und recht IV. 378.

00111001 00 0000011111, 1000100110 Π.
601. 11001001.

0011001000 ιιι. 100 101010, 58,

001100110ιο 0011001010 3, 95.

0011000 m. sehloppo 11. 7881785.

00110000 0011001100 3,43. 5106.

00111011011. 1) gendo, 0101001ΠΙ.
136. 2) 00110011, garing 1111. 29.
1901111. 3) 015010, 010111-
tig ΙΠ. 97. 393.

schlichten 011000 17. 514. 4,138.

0011101001. 0011000ιο 8, 176.

0011111011 0011010100 2119. 3, 70.

0500000000. ·

0011. oens vorbi 01000 1150000100
1, 207. 0. gaon.

schlipen 001101100 IV. 645. 8,130.

schlippen sohlfipren 111. 433.

00111100 0011001100, 0000100 5, 86.

00111110 00001101οο0 6, 93.

0011110301 m. III. 139.

00111100 00110000, 110 111100001-
001100ρο0 Β. 41.

00110100 0011101100 Π. 499.

0010001100 1003010, 1110100 8,
57.

0010001110 010. hungrlg 8,12.

00101000 0010110100 1, 7.

00100101010 Π. 496. Ι7. 39.

00100οι10 adj. schmiorlg 17. 51.
630.

00110110. gon. 0011010100 Π. 674.
000111.

00101110 1. 0010010 11. 380. 694.

0011101100 0011001000, prta. geschme·
100 IV. 652. 5, 40. 8,139.

0010111100 sik mit 1000100 Π.
471.

0111010011 01]. 01001101, 00301101ιο Π.
69. 0011000100 0010100100 ΠΙ.
309. ,

’ 0011000100 0010010100 IV. 237. 616.

0010010010 00100οι010. 001. 00
Vite hund 4, 9³¹⁸.

0011001000 0010011000 8, 138.

0010010010 ’0101 0010111010 2, 104.

0010001 m. ι1) 0001001101 Ι. 367. Π.
272. ΠΙ. 109. 139. IV. 555. Β.
125. 8, 54. 2) geschichte 111.
357.

0011000100 00000100, reden ΠΙ. 195.
IV. 218. 2,119. 1141. 105.

0010001010101 1. 1101001001000100 6,
95.

0011101001 01].00001011, 0001011101,
0011000117.358.Ι)0001000001110011
11. 170.

0010011100 0. 0010111010011. 57.

001001100 nik 0101 1001100 5, 34.

 

