wbssmssnucn

wORTERBUcH.

1111 * 11111111 111 111 dom 1111111111 11111111111111111111111111 11-
merkungon. 1111 11111 1111111111 1111111111111111111111111111111111111111,

11111111 deutsche 111 1111111 1111113 111 11111111111111 11111111111111
111111111111111111,111111111, Β. 11111111. 11. 1111111111111611111111-
11111111.

A 11111). 111 1, 127.

Ans neutr. 17. 677. 10, 42.

ABG: 1111111111 - 1110*ο

1111 11111111 2, 70.

11111111 111111111 17. 222.

111 11111). 11. 327. 11111111.

1111111 11111111 ΙΙΙ. 287.

111111 111. 1111111 11. 446. - 11
1111111111] 11. 770. - 111 111
111111 111 vom 11. 12. 179.

1111111111 n„ 1. 1111111 11. 768.

11111ῳο111 1. 1111117. 206.

addet 1. 11111111. 266.

111111 m. 111111 17. 419.

111111111111111 11. einen 1. 1111111
17. 419..

1111 nobilitas, 111 van 11111 1111111
11. 63. vgl. 1. 226. 11. 3041.

11111 1. 98. ,

1111111111 1111111117. 170.

1313111362. 11·, 11111111.

1111111 m 40. 1111 11111111111111.
111117. 602.

11111111 11145.

1111111111. 397.

1111111111 durch 111111 1111111111
122.

11111111 1) 1111111117867. 2) 11·

1111111, 1111111118, 28.

111111111111111111111, 11111πί1111
11. 464.

11111111, 1111111 111 1111111111 vor·
111111. 11. 143.

11111111 1111111111 de 111111. 162.

11111111 1111111111 1111111 1390.

11111111 11111111 11111111 111. 468.

11111111 1111111, 11111111. 11111111
- 11. 160.

1111111111 sik 1111 1111111111, 111111
11. 112.

ugeren dmtellen: 1. person - 11. 6.

al 111. 111 11111. 11. nnat,
111111. 86.

11 1)1111111, 111111 111. 16. Β 2, 9.
8, 77. 2) 11111111, 1111 1111
11. 863. 111. 460.

alm. 1111111111 2, 32*.

1111111111 Β. 78.

111111 111111111. 264.

111111 111111 111111, 1111111111 1. 86.

ullomodo 1 1111111 111. 13.

11111111111 111). 11111111 111. 1. 90.
1111111111 11. 11111* 1111111111

11111114, 7.

1111111131 111118, 119. Koseguton

1. 212.

 

