7768781181]οΠ

6111 f. 11111 1244. 4, 41.

611111 11. tonsol 1161111111. 278.
him 1111111 6. 8,115.

6111111 11 111 im gehen, 11111111.
Brom- vb. 1111118111.

611111 m. 1111117497.

61111 m. Π1 4811 61111 1111111111
1176. -

dwingen 1111. 1111111111 8, 149.

111111 111 1111 11111111 4, 20.

1111111161. l) 11111111, 1111611 H.
545. 2)1111111Π.494.1.11111.
1111111111 188.

1111Π. 446. (11111. 102882. 111111,
111.

16611 1111111111 168. 17. 890.
457. 16611111 II. 652 -1161
17. 608.

16611, 161 11111. 1824 ὃ.

11111112, 286.

egen adj. 11111 17. 418. 11111881.

1111111111 r. 1111111111, bosemon-
1111 Β. 19. 1111111111) 17. 687.

111116611Π1 464. .

1111111 1. 2, 26.

111 conj. 111 IV. 408. 426. 618.
trahor Ι7. 86. 1,18. ’
11161613 161. 1111111181, 1111111111

Ι 116. ,

1111111111 ιιι. Π1 469.

1111111 m. 1204. Π1468.

11 111111. 11 111111 oi prul 17 . 188.

1111111111. 1111111111 HL 104.

11511611 adj. u. 111. 17. 241 5.

11161111111111111. 1111111111 210.

11111 111. 1111111111. 1111111111
ΠΙ. 52. 111116 11111Π. 498.
Iv. 658. enig 11111 1,86. 11, 58.

eim 161. 11111111111 1116111111
1161 Π. 259. ΠΙ. 71. 196. sonat
16. 1111 ,1, 26 11111 1, 182 od.
11ι; 1116. 11111.

11111111 111. Π. 896.

1111 11]. 1151111111 1. 242.

111111. 1, 1 5. ’

277

111111 1. Π. 287.

1111111) 1. 1111 Π. 669. 17. 468. 610.
1118218.

11111111, 1111 1. 111111111111111118,

11116 1. 1111161 Ν. 818.

116111 n. 6111111118. 66.

11111 1111111111Π. 781.

1111161111 11111111 1111111111, rt.
1116111. 246.

1111 1. Ι. 244. 268.

11111111 111111. 17.

11111111 11111111111111 ΙΙ. 246.

1111111111 1111111111 Π 688.

11111111 8, 198.

1111116611 conj. 1111. - 11111 (111)
111 - 1111. 241.

epitome IV. 483.

111111. 111. fem. 111.

11· dur, 11. 131. 8,181*.

er 11111 111 = 111111118, 74.

11111111 111111. 1111111111 11-
11111 Π. 818. ΙΠ. 9.

ermen 111117, 68.

1111111111 adj. Β. ,6. 18.

1111111111 lv. 408..

1111111 Π. 586 5. pm. 1111111
17. 879.

1116111 11111111 1 140.

11111111 111 viaticum 17. 146.

11111111 11111511, 1111111111 HI.
155. 17. 848.

11111611 1111 1111 111. 11115.

111 m. podex Π. 148. 700. IV. 864.
406. 8, 144.

11111111 m. 1111111111 1111111111
nudo 111111 Π. 248..

1111111. domum, donique H. 276.
111111 Π. 796. HL 475.. in’t
11111 111111, 1111111 Π. 77. 416.·
ersten 111. 1111111111 IV· 562.

1111111 161. 111111Π. 855. 891. lv.
615.

1116111 11111111 17. 647.

111111 r. 1111111804. 111. 11111.

 

