6661666666.

original n. Ι.216. IV. 633.
61661661. (161166 o. Π. 60.
6666666116 6. 1116616611113. 122.
66616 1. 6166616 Iv. 246.

611 ιιι. 66 61166 6111. 273. 16 allen
611166 Ν. 697.

6116611166 16. 61661666 Π. 366.

066161. glimmondor 36611 11. 212.

6666 ιιι. 66166 IV . 188. 661.

0161 adv. 1161 lv. 467.

016ι praep. mcc. iiber, gev6hnlleh
aver: 6ver 116 166166 1161161616
Iv. 233.

616161 adv. Ι. 86.

1161111666 fibrig 1161166 Ι. 281.

01661661 1. 661161 ΙΙ 497. 16111.
11161161.

01613616166 1166661616 Π. 373.

01611611. 1161166 Ι. 69. m. 239.

61616611 1. de 6. krigen (166 1166
116666 tragon IV. 689.

6161111611. Π. 374.

01611666 ιιι. 61611661, 66166061 II.
196.

1161111661 1. II. 434.

11666666 6. (1666616. 1. 963.

6161661166 IV. 622.

0161661166 Π. 60.

01611ιί61166 IV . 232.

6661 6.,163616.,1161666., 1166616.

6661 m. 61611 Ι. 363. 3, 74.

66116666 1. IL 676.

6661 6 616611 L 162. 406. IV. 313.
394.

66666 16 3, 37. 170. 6661616661,
116661, 6666 11, 69. dicke 6.
ladon 61611611116666 Ι. 64.

6666 16. 616116 III. 177.

666161 6. IV. 269.

6661661116. 1. 116611616116166 166
666161Π. 109.

666666111616161. Β. 101.

6616061 1. II. 623.

66166 611 1) 61661. 2, 76. 2) 6.(161.
6161666166 611)66166111,42. 3)

293

66111 1161 1611616166 1611616661
3, 26. 611 6. 6111 7,13. 4) 611
6. 16 jemand 3, 3. 46.

66111666 66111166 Π. 693. 6661116666.

6611166166 Π. 364 6.

66116666661 m. 1. Ι. 426. Π. 266.
-6116161 3, 46.

66116166 IV. 79.

6611 n. 11611 I. 16.

66111 1. 1. 351.

6611611 ΠΙ. 3361.

666 ιιι. 111. 6611111 B. 36.

6661 16 666 166166, 616 gangen
6616 ΙΠ.113. 7, 66.

paschon 61. 666616 ΙΠ. 108.

6661661111. pago 111. 179*.

616111 ΙΠ. 77. 66666161 11,48.

6666661661 6. 111372. ι. 66616661.

66666166 7, 63.

66616166 1. 6661616 1. 261. B. 62.

661166 m. IV. 162. 164. 203.

66116 1. Π. 101*.

6111161666 m. 6616 I. 40.

666661 m. IV. 630. 116 11161616 6.
1,147.

666111 6. 6161111. 18.

6666616161 ιιι. ΙΠ. 2286

6661666611 ιιι. IL 616.

pegel m. 111. 474*.

6616111661 16. 6661111611 Ι. 166.

pekelhering m. ΠΙ. 202⁸. (1616ι
11611 6111. 11611166.

6616116111 1 Ι. 349.

6616 m. 1, 212. vgl. 6116.

6661112911

666116666 1. 6666116666. 611616
IL 427.

penning m. guldne 6. IV. 630.

66661 m. 6161161 ΙΠ. 310.

66116116 1. Ι. 199.

661161. 66116111. 6. 1016666666
(6166) 661666 IV. 362.

66111616 1. Π.390*. 661116166166
6. dom. Π. 401.

661666 1. 1611611. 6.

 

