1111111111.

1111111 111. 11111111, 113111111111111
11. 451.

1111111 111. 11111111 1111 1111111 1. 111.
2,179.

111111 1. 111111111111111111. 384.

1111111 111. 11111111111111111111111
mmet 1. 406.

1111111111 11. 3, 2011.

1111111111 1. lV. 473.

1111111111 111. 111. 457.

1111111111 11. 7731.

1111111. 6, 38. 79. -

1111111111 111. 270.

1111 adj. 1. 121. 111111. 1. 125.
bi minet 11111 1111111111 lv.
608. mit 111111 11. 301.

111111 11111111 11. 685. “

1111111. 111111111111111111 1. 7. 11. 75.
1. und 111151 111. 215. 21 1111111
4, 143.

11111 m. 1111111111. 729.

111, 11111 1. 1111 Β. 72. 1. titel.
t. der 111111 7, 3. 11111111111
7, 45. 11,18. 2) 1111, sache
11419. 1111111111111111111111
111111 1, 208.

11111 1111111 11. 300.

11111111 1) 11111. 1. 206. 5, 14. 2)
absol. 11111111 8, 171.

111 11. taum 1. 348. 11. 552 5.

11111 1. 11111111. 156. 1111111111
111111 111441 11111111111 lV.
611&

111111111. 22.

1111111111 1 111111111111. 757.

1111111111. nudem 3, 123.

1111 111. mr 111. 111. 269. IV. 631.
1,16.

1111111 lv. 422.

111111 11. 1111113, 9.

111111 11. 1111111111. l. 1111111111-
1111 1. 49. 11111111111111. 1111-
11111111. 11. 1111111111 genus
neutrum 111. , 253. 111111111111
111. 1. 1. 1. 1111111111. 11. 111

lauremberg.

11111111 1111153. ·

1111111 10, 48*.

11111111 11111111. 396. ,

1111111111111 1111111111111111111-
111112, 73. .

11111111 5, 78¹⁸.

ule 1. 1111. 1. 111 111111 111 1111111
111.420.10,44.

1111111111. 11. 279.

11111111 sich 111111111111 11. 422.
1111111111 111. 294.

1111111111 111 sich gruison 11. 329. .

1111111111 1111111111 11. 784.

1111111111 1111111111111. 310.

11111111 111. 11111111 1. 230. 257.
11111111 11. 572. 11111111 1,16.
3, 52.

11111111 1111111111 Β. 72.

under 1111111111 111. 1. aco. 1.
179. 111. 330. 2) 111. 11111 1420.

1161151111.1111111111 Ι. 280.

1111111111 conj. Β. 134.

111111111111 11. 407.

111111111111111111 111. 36. .

111111111111,·111111111 1. 135. 11.
352. 11196. 1111111 11. 38.
prta. 11111111111111111111 11.
718. 11.11111111111111 1. 1111.
111111111111111 111. 584. un·-
derscheet m. 1111. 31. 11. 40.

1111111111 1. tid.

11111111111 1111111111 2, 28. 85.

1111111111 Ι11111 lV. 690„- ·

1111111111 111. 1111111111 11. 113.

11111111111 IV. 621.

1111111111 1. 3.

1111111111 IV. 302.

1111111111 111. 111181111111118,
185.

1111111. 11. 450.

11111111 11]. 111. 191.

1111111111111 1. 11. 209. ·

11111111 (1111111) l. 231. IV. 520.

11111111 1. 1. 397. 111, 63.

11111111111 111111. 11].111111111111

20

 

