6666666666.

6661 ιιι. 1. 335. 5,106.

66666 m. 8, 72. sm: 1666.

strunt m. 1666 17. 668.

struve 1. 6661666616, 6666616666
4, 42.

611616. Ι. 350. 17. 303. 616616
161624. .

6166166166 6. 6666 Ν. 306.

student m. Ν. 222.

6166666617. 78. st. up Β. 28. 66.
2,171*.

616115,23*. ,

61666 66]. 61666117. 645.

6166666 ιιι. 4, 33.

61666 1. tor 61666 6166616 111. 241.
Ν. 237. lor 6166666 Ν. 270.

616666 staufen 9, 56.

6166 6. 6666666611. 769.

61666 1. :tubo 11. 630. Ν. 197. 355.

,11. 69. 6666666666 1. stabun-
6656616611. 146.

styrax 66166616 11. 379*.

subtil 666. 1. 255. Ν. 430. 6616111-
166 r. B. 12 -

,6661666 6661666 5, 75. 109· 11,53.

666166 m. zucker 4,42. 7,4.

66666 part. gesagen Ν. 4., ’

666161. 11.57*. 11,47. 49. 54.

6616 1. 666616 11. 387. Ν. 375. 1,
26. 5, 105. 66 661616666666.
661616666661 5, 115. de schli-
kende 6. 6666116665, 11766666.
4, 67. 166 611 de 6. 6666666666
«2198. 6616 616 5611666666, 6661
11,1*. 6. 66666.

6611 pron. 6616166 4,153. 761. 6611.

6616666166 pron. 6661 mit einander 4,
22. 24.

66166661 66]. 61166661. 129. salvem
66]. 111. 314. Ν. 347.

66116666 n, sssbonoug 2165.

6616661 pron. 6616611616. 34. 1. 147.
66166666 is de 6666 666666. 6,
44. adv. 661666, nogat 11,66.

303

mm Got 66 mir (161 16166. 3, 86.
66666666 1666113, 8611117. 5,23. ,

6116666111 adv. 66666666 11. 406.

6666666 conj. 666 l. 7. 25. 6666666
11. 27.

6666 66]. 66666643, 133.

66666 1. gen. 6666661. 327. 11. 440.
111. 33.

6666661611 1. 6666661666 1. 342. 357.

6666661616 m. von 666 66666 ge·
656666, 66666166661666661 Ν.
508. 866666666561616166. Schn-
666 226.

666666111 adv. 6666661166 1, 208.

66661 adv. 66666 Ν. 650761. 666.

6661661. 6666466 11. 58.

66666 Ν. 90. 308. 8,138.

superfla 66]. 3, 15.

666661. 66666 1. 76. 11. 381. 480.
111. 304 6.

sut 66]. vom 61666 7, 24.

sus 666. sonet 2, 30. 88. 761. 66661.

· 666166 616161166 5, 77.

6661661. l) 66666666 Ν. 362. 5,34.
2] nonne 11. 223. .

66666111 adv. 11. 178. 5, 39.

6661 1. 241. 661661 1. 898.

666666, im 661122.

66666 in. 66666176. 761. 6616666.

66666 66]. 1. 52. 228. 11. 198. Vgl.
schwar.

666666 6. 1. 38.

6666661. 103. 731. 66166666.

swigen 1. 456. 761. 66661666.

66166361666166161661. igal, wohl
wegon 6. 6606166616616-1661158.

[ahak m. Β.99.11.471*. 1615616166
1. 173091. 66561666666166 1,
23*. .

16516616. 11, 15*.

166616 ιιι. 11. 6831.

1616116166 6. 66616666 2, 165.

taen m. 6616. 61. tene 1. 449.

taen 1. 6666. pl. tenen 111488. 1666 -

 

