6666666666.

6616661611 genthon, 6661666166 3,

66. 4,100. 6616.
6666616 666. 6166616 Π. 257.

vos m. 16616. 1161616 Vos IV. 625. “

11666 666 66666 666666 66166661
2, 24*. 611 schemen 66 666 vos
6161 16616661 66116666 4, 70. vos-
6616666 66 666 v. 6161166 IV.
37*. 6. 661666 116161. F. XLI.
66666166611666 n. 11. 599.

1661 m. 166 1399. 424 6. 661666 v.
11861.

16666 661. 16666 1v. 653. Β. 45.

166166 m. goistlichor 166666. 16. Vi&
Π. 2191.

166166 6114. ι. 1166616 616616. mle.

16661 1. 666 66661 6, 95.

1666666 6. 6611661166 6666 ΠΙ. 335.

166166 11193. 8,’37.206.

1616 adv. 1. 84. ΠΙ. 43. IV. 8.

vrie 1. 16166116661666 7, 80. frien 6.
666 166166 4, 17.

1616616 1. 6661666 6, 64.

fripperie 1. 666 166. 16166616 166661-
166161. 162.

fro 666. 1661 1Π.34,

16661661. 16666 Β. 37.

166661. 2, 6. 166666666611 1. Π.
139. 1666111 661. muliebris 11. 39.

1666111. 166611 6, 53. 1611611661.
456. ΠΙ. 289. IV. 691.

16666 m. Π. 496. IV. 325. 2, 81.

16666 1. lv. 286. 1, 50.

1666661616616 m. II. 48311

1666661666 1. Il. 283*.

16666611666 6. 11. 242. 243.

1666666611 6. II. 323. 573. 582. 798.

166666666666 6. ΠΙ. 99. 661. Π.688.

16, 6 1. ΙΠ.117*.

16611616 8, 74.

fuel adJ. 1661, 61161666 Ι. 29. Π. 273.
de 1616 dees 666 6161161666666
66611 66666161 2, 115.

66616611 666. Π. 63311

661 111. 492. 61666 6661 v. ΠΙ.

311

278. vul 666. 6616 3, 86.

vulbringen 11. 146.

66116666 adj. 11. 122. 6611666111
adj. 66111613. 471.

1661666611 5, 23. 66616161616165-
161166 6666661, 6111, 6161 165-
1611 1666666.

16616666. remig 1, 142.

6661166 666166 1, 175.

wacker 661. 666166, 161661, 66166
1155. 11. 266.

6666666616. Π. 619.

66166 666166 Ι. 434.

walach 661. 611661, 161661 6, 82.

66666 6. wamma, 66666611616666 Π.
617. 111. 53. IV. 97. plur. 666666
11. 562. 616 66151161611616666 Π.
6661666. mmm, 130. '

6666 ιιι. 161. 8 6.

66666 661666 IV. 826. waning 1.
1298.

66616 ιι. plur. 666166 611666 Ι.
351. demin. ι. 666116611. 666116.
8166616. 161 616616, 666616
6611661166 661166661666661, 66666.
wb. 230 666611, 66661.

66661 m. 616166 16611. 21. ’

want 6. 1661 Π. 646.

66666 6. Π. 596.

666666 666. 66666 l, 32.

wardig 666. 666616, 6661111, 63.

waren 611666 6, 77.

66616. 6666616 IV. 169. manig 6661
1666616661 2, 79.

6661 n. 6661 Π. 337. 2,19.

66661666 6. III. 307.

6666666 1, 61666 11, 65. (6166616.)

66616 1. 1666 6, 76. 666. von 6666. .

661 6666616617. 138. 2, 1184039.
8, 27. 16666217. 30. 616 666661
66666 661 6666 61666 mehr IV.
139.

6616166611. 66661666 Π. 226.

661666 610666 6, 25.

6661101166 6661611166 11. 280.

 

