mmmwmmfflmms 43

44 1111411114. 4. 4. 14. 14. nu 4111 a. 4. 4. 14. 14. 444. ned a. a. ’

230. 114144 3. 4. 231. 24444114 1. 1*. 3. 4. 234. 114144 4. worden 8.
1414. 240. 44 1. 1*. 2. 243. 44444 3. 4. 247. Κ14444144 3. 25311444·
44142 4144 3. 10. 14. ·

61. 14414114 1*.’4 4. 4. 14. ider 411144. 414. 4111111441 4.
261. desto 3. 4. 234. 4441444414 3. 4. 4. 444 carmen 4. 274. 44414444144
4. 230. Β444414441 1*. 3. 4. 283. 444 4. 3. 4. 290. wat 441114 3. 4. 1144
4414481014.

62. 294. Det 1*. 4411114 3. 4. 2314144414 4411441444. 31014.
302. 1144441444411 1.1*. 3. 4. 1144441444 2. 313. dem 3. 4. 314. einen
44. 314. 414441*. 41444 3. 4. 318. 144 3. 319. 4141414444 1*. 3. 4.
321. 1414444441444 44. 324 Find 3. 11414411.

63. 331. 114140 8. 10. 14. 336. 444444 4. 4. 338. were 3. 4. 339.
114144 3. 4. 344. 44111444 4. laren 3. 348. Μ41141448. 1414114144 1014.
342 4711 1*. 3. 4. 354. 3141144. 343. 44 14411 1*. 4. 362. met 3.

64. 369. word 3. 4. 371. 411 44111434. 373. gemeen 34. 376. einen
3. 41414 4. 377.1144141*.3.4. 44144443. 379. 444444414 3. 4. 8. 10.
14. 444 44 44 310 14. 331. eegne 3. 4. 334. id1 fehlt 3. 4.* 4114443.
336.141141*. 387. 1414141444 a. 4. 338. 114144 3. 4. 1144414 3. 392.
14144 3. 4. 393. 444 34444 1. 2. 44434444. 39411414 3. 4. 400.
44141414 3. 401. 31141444 3. 4. 404. 414441 2. 41444 3. 4.

64. 409. 841114 2. 414. Ρ444144444 4. a. 416. 41 4444. 417. 444
14114 3. 4. 413. 4441414143. 419. 414 1*. 2. 3. 4. 421. nach 1. 2. 423.
4111444411 4. 4. 426. Κο4 3. 4. m. 1144 444 4444. Ρ44441 1.1*.3.4.
Lnng 3. 429. 1144141144 1. 2. 430. 444 4. 4. 434. hebben 2. 437. 41444
14444 4414414. 310144. nien fehlt 1*. 3. 4. 3. 10. 14. 439. eben 3. 440.
414144*. 14 414441 4414 3. 444. 44 ander 14 14441441 1*. 3. 4.

66. 443. 1414 3. 449. 44441114 3. 4444 1*. 3. 4. 444. 4444114444444
1*. 443. 4444 a. 4. 4411411441.1*.2. 460.Ρ4444441.1*. 4444. 462.
414414 3. 4. (1144441444 3. 464. 1444444. 470. 44441 3. 471. 44411
felde 1*. 3. 4. Κ41114111141134. 476. Commendemant 4. a. 477. 444014 3.
Tala. a. 473. 1444 444 1144 8.10.14. 479. 44411 fehlt 1*. 3. 4. ge· ¹
41444442. 1441414114 3. 480. 4144414 41444 3. 44111411. 431. Book·
41444114 1*. 3. 4. 3, 10 fgdv

67. 488. 1414 fehlt 3. 4. 489. 211444 1*. 3. 4. 490. 114444 3. 491.
mig 1*. 34. 499. 414 fehlt 1*. 3. 4. 404. 4113. 40114144414434014.
414. 44 fehlt 1·. 3. 4. sein 44441144 1*. 416. 4411411442. 4411444411ῑί 3. 4.
417. 41414414 1*. 3. 4. 8. 1014. 419. gude 1*. 4. dog. l. 420. 44441144 4. 4.

68. 423. 14111444 3. 4. 424. 4144411 2. 427. 41141· 4. 429. Wordn.
1*. 2. 114144 4. 430. 144144441144 1. 1*. 2. 4. 4141341414 4. 0141.
1*. 2. 0144 4. 432. 41444411. 2. 434. 1444411444 4. 4. 434. Datum 3.
4374411414. 433. 4144 4. a. 439. unsre 1. 1*. 24. 444413. 441.
311413. 443. 411414. 4. 4414144111. 442. 114444 3. 1411441*. van
444310. 14. 444. 14144444 3. 4. 447. 4114144 44111411 3. 4. 8114
1444414 14 443. 141444 1*. 3. 4. kunde 1. 1*. 2. 4.

 

