218 1111411111411111141411411.

30. 446. 04144 4. 448. 41141 4. den 4. 4. 4491114111 in 3411412.
ys 4411144114. 8. 450. 1141114411 1.1*.2 1141111441 4. 461.Ι 41411111 4.
453. eine 1. 2. 454. een 4. 455. Woher 4. 459. (14141114810. 464.
44144141114111412. 467. 14114114. 471. Vela. 4. Τ41144114. 4744111114
2. 473.111411Ζί1)41112. 476. Τ41114114. 480. 81144114. 44111142. 11114119.

11114111 4. 482. begbnd 2. ,
31. 483. 5411141111 1141441112. 1141111411 4. 484. 14144 4. 1514414.

485. 1114441112. 4871111144. (1114. 439. Vernunfft4 51211111111141141
81014. 613. 441 1*. 4. 1114411411 4.

31441.444111441*. 524. einen 4. 4. 525. 14111444. 5271144114.
528. 4141144111..11118. 1014. 530, Vnst 1*. 4. 1110111 1*. 4. 539. 441
1141101114. 542. find 4. 548. lang 4. 551.]1511114114. 553. 1114411114.
557. 114144 4. 4

33. 563. 41141112. 565. 11414. 667. bi 44 4 4. 572. 11414111.
57411411411114. 575. 81144411 44. 581. Vela. 4. 11514 4. 5831111
1412. 584. men 4. 5851514. 4 591. verteme 4.

34. 598. werde 4. 601. in hogen 14111441 411 8. 603. 1441114441 1*. 4.
1111114 4. 610. 85114131 4. 611. 141 441 dach 1. 2. 613. 1111111411 1*. 1.
613. de Dogmdeken 411414 Ρ151411114144 2. 614. Ρ14111112.Ι 617. bi 441
4. 621. 14144114. 623. 41111112. 625141 1.1*.2.1151444. 631. hol·
114114. 634841111114114111144112.

11. 444. 1411411141. 444. 411. 1:11 4. mengen a. a. 1414-
meister 4. 651.1414114.4.11444141114. 65314144. 0604111441
4. 4. 661. Κ141114111.1*.2. 662. 11111141. 666. ι1444113. 671. 441141
1*. 4.

36. 673. 01114. 676. 1111411141 1*. 680. hogen 4 4. 681. 111441
1141111444 4. 686. 8414444114* 2. Β5144114411414. 667. 44411411441141
1.1*.2 11142. 6931411414414. 694 so 4. 4. 695. 44114114 2. 4. 697.
11412. 698. 111114 4. 700. wpff 1*. 702814111144111411 4. 4.

37. 71314112. 714. 114112. 716. Dies: der Pythagorschen. 717.
kumt 4. 4. 720. 11114112. dea. 4. 724. tho 1141411113 3. thom 4414111441
und 11411411141144 4. 726. Τ114114111114412. 740. 4411414 745. 441
14114. 74614114411112. einen 4.

38. 7491141142. 750. 441 114111 4. 752. 1411414411 11441141 1*.4.
75314144. 757. 4114141414. 75811111115141144. 760.1“1111114141142
44441441. 4 4 764. 41111114. Η41144114112. 767.]111141111411 1119.
junferlykem 4. 771.3414111141111411111*.4. 141444. 773. word 1. 774
11144. 777. 11411144. 778. 1511114114 4. 1141111*.4. 7801011311111114Ι

39. 787. een 1*. 4. 7951141114 1*. 11411144. 796. 44 4.

mmmm. 14114141414111 11. '

7411 4444411414 1444144414 4141441114, 44441144 bei 44141414 41111·
141 414 form 4441144411, ein 141 dem 111. 111 144444411144141 44144111.
7711 zu Moscherosch 4114 Laurembergs zeit 1114111 4144411411 (aarum)

 

