um> HOOHZEITSGEDIGHTE. 141

000 0000 000 100000 00100, 000 00000 0000 0000000000.
10080 0001ιο he bi sik 001100 und hinkde na’m quarteer.
000, sed’ he, 1000 000, 000 ward 000 0000001ιο 0010000001
110 0000 jv 000000, 000 ik 000 eom 0000100010 00000001
110 00010 0000 000 00100, een appel 000 000 00,
00000· 0001000 000 00 10000 00 000000 0011 0000000
0001100 00000, 00 00 0000 00 0000000000 00100000,
00 00000 00010 001000 00 000 0000010001 00001000ος
ja, 00 00 001000000οα0, 00000 0000 10010000 100,
000 00 000 00000 0000000 000 10010 00010 00010 00010.
Wo 0000000 0001010 man 00000 0000001010 00010000
100 000 0000, hos, 1000 000 0000, moe! 1001000 [0000000 1000001
110 0010000000 00000 00 1000 0001 000 000 0000000000.
1100 0100010000 arafam 0000 000 00000100 00 00 00000
10 000000 00000 0001οε 00 001000 00οΓ 00010000,
00 000000 100000 0000 «p. 1100· 0001 010 0000 00000,Ι
10000 1000 010 100’ 000 00100000. 1100, 10 000 0001ιο 000000,
000 00 00010 0000000 00000 0110000000 000100,
0000 0001 1000 000 0000, 10010, 0010 000 0000 00010100,
000 00 0000 00000000 0001100000 00 1000001001
1100 010 00000000 01000 00000 000 000 00100 010 0000
0000000100 00οῘ 000 00100 0001 1100 0000 mi 0100 weh
11000, 0000, 000 0001 00010 0000 010 00000 010 100000 0000000
00 00000 000 101000 000 00000 noch 000 min 000100 010000
000 100000 mi 0000 11000. 10 00010 00 0000000
000 mi 00 0001 00 000 00 000000 0010000000 [rie.
10010000001000001 010 ok 0000 0000 nich 00000000
00 0000000000, 00 010 100000 1000, 00 [000000
000 00 000 00 0001000100 ok jo 00 ,0001000 10100,·
000 00100000 0000 0010 010 0000, so 1000 010 1000011000 110101

 

