802

, 13555 ,5515555 5555155194.

515155 1. IV. 463.

5151515. 11. 500.

stede 5. 1. 415. '

stedig 555. 5555115515 7, 61. 9, 39.

5155 1 515 51555 511115 7. 39.

5155156551511515551155 7, 73.

51555155. 5555555, 515111 11448. 111.
100. 350. 555 515551 5555 555555
2, 118.

515155 1) 51551551444. 2) 5155555,
men 9,83.91.

515111. 515155 1. 350.

51555555 1. 51155555511151.

51555513 adj« 51511,555511111555 2,
125.

51555 m. Ι. 435.

515515 1. 1. 358.

515515 (51551) adv. 51551551555
55155551 551155 Ι. 145.

51555 1. 5115551203. 111317.

515151 m. 5115151 Ι. 424.

515551515555 m. 11. 626*.

51151 adj. 551555 51155, 5115111155.
1115 5115155 51555 555 5155115555
5155554108.

511515551155 551. 5155151155 1. 221.

511515 55511511 1426.

511555 f. troppo 2, 129.

51155 m. IV. 676.

stis 55]. 51511 1. 370. lv. 200. 2,191.
555. 51155 51551 11. 279. 423.
5. 5551.

511551 m. gemme, 555551555555
555155 5, 74.

51111 m. 5116515555, nagal 5555 1551
263. ’

51111551551551555 155. 34. ’

51111155 1. 11. 28.

stigen 11. 630.

5111 m. 5551115551 55555 155. 41. lV.

Α 59. 414.

5515515555 55511. 153.

5115155 ¹mlo 51555 IV. 424.

511555 5151155 55. 15155555 5555

5555555555.

5115555 durch 55515555 (5115155551)
5115155 11805. 1, 187.

5155111555 m. 111. 232.

5151 m. 51555 5555555 55 5151555555.
4,143. 5151 51511. ml. 51511.

51111555 5, 81.

51115555 5, 92. ’

51511 adj. 111. 129.

51555) m. 1551555555 lv. 673. 555.
51515. 11155558351551. 51551155
5. demin. 5111555555 11. 790. 2, 116.
6103.

5155555 2, 67.

51551 551115. vgl. 555555.

5155155551 n. 11. 565.

51555555 lV. 180.

2 51115155 155515 1. 15115555 55551 1, 8. .

5111155 5151155 11386. 55551. 51155
8, 139. prae. 5111155 111810.

5155155 = 5151155 5155155515 7, 64.

511555 m„ 1. 435. 11451111220.

515515 1. 515565 11679. 111277. lv.
318. 5551553555 m. 11. 81.

51555 adv. 5155515, 55515155 1150
396. 1v. 265. 309.

5155515555555. 10, 635

51555155 51555155, 515555555155155
IV. 505. 657. 11 5151511 5115
5555151151 91111 ὅ, 41.

515551, 515515 55155 5555151555
515155 551155 4, 152.

51551 m. 5155155, 5555155 1. 195. 1
43. 3,13.

5155551155 5. dem. von 51555551 11
285. 515. 5151555551, 51551155.

5155535 adv. 11. 88.

5155551. 5555555115. 15 51. 51555
515 515155 51555510, 52.

551515. 1, 515. ‘

5151555 111, 232.

5151155 55515555 11, 23. wahren
11177. 5. 5555555555. 5155155515
1, 68. 555551515515555 9, 23. nuf-
5155151555, ,5515155 3, 69. 511119
11605. 55551 515. 5155555355 ll·

 

