1111111111.

111(1111)1ι.111.48*. ·

11111111 111111117. 689.

1111 1. 1. 4441

1111. lob 17. 7. 8. 624. (1111111
17. 80.

16111 111111 469. 8, 82.

lon 1 111111111 2, 87.

115111111ῑί3 111. 17. 821.

lop ι1. 11111295111111111111
17. 912. up 111 1. 111 mlum
1111148. - '

1111117801.

1116 11. 1112491. 1111111111. 111.

loa 18]. 1111111111. 1111111101.
1 bove 11. 287. l. 1111 pron
17. 62. ·
11111. 1111111168. 1111111111
yn do 1111. Luat. guallum. 859.
11111111 1. 111. 11722 1111111
11. 1111111. 6546.

lot 11 loth 11781111810.

11111111 pl. 11. ew. 621.

11111111. 111256

11111 ι. 1111 7, 26. 11188. 11111111
11 der 111111111111811111.497.

1111111111. 1111111111 11. 676.

. 11111111. 11111 111. 821.

11111111 1111, 1111111111 17. 55.
(111. lomna, 1111111111

lumpen p1ur. 1111811111111111. 855.
17.78. 11111111 1115, 107.

lunge 1111111 111490. Phoebi 1.
17. 428. ‘

111111. 1111111111111501 ι. 1111-
11111.

luten 111111 IV. 171. 11115. 2,

87. ·

1111 11892. 17. 47. 2, 1201

1111111 11]. 111111, 11111111 1. 80.

1111111111 1. 1111111111, 111111.

1111111111111. 1 1191

111113 adv. 17. 282.

luter-uu. 11111117. 7.

humbert.

289

1111111111. 111111111111,1111111116
6, 96. ι

maog 1. magen 17. 486.

11111 11. 1111111 8, 62. 11111111.

11111111 111. 1. 2721

made 1 11467.

magor 11]. 11180. 17. 448.

maget (11116) 1 1111111 11180. 111.
444. 111111.

11111611 m. 111. 1111111111. 886.

1111111111 1. 11. 72.

1111111111 1 1111111111 B. 96. -

111111 111111. 111111 schal 11 Juw
111111 mr 1111 1111111 111111
111117. 217.

111111111111 lv. 611*.

11111111111111. 111. 45.

11111111 1111111111 2, 170.

man 1) 111, 1111111111. 82. 2, 16.
6, 70. 2) 1111, autem 111. 89.

1111111611. pron. 11. 449. Β. 39.
1111111111.

1111111 1. 11508. 518. IV. 472.

1111111111 1. 2,161*;

1111111111 r. 11. 6211

11111111 1. 207. 227 8.

1111111111. 11111111 1. 88.

1111111111. 1. 111. 11111 11111111
1. 81. 59. 11188. 17. 419. ·

1111111111 r. 1141.

111111 (mend) ι1. 111111 11809.
79117189. Β. 107.

1111111131 m. 11. 728.

1111011 1. 11. 580.

1111111111 11. 111. 3401

1111111111 11. Β. 641

111111 de m. ridet mi 11. 1881.
11184.

mark 11 1111 111267.

mark 1 1111111111 11. 120. 111. 471.

mars 11. 1111111111. wortspiel mit
11111 podex 111191.

11111 11. 10, 281.

mate 1. 1112 11654. 175 5. 1111.
mit 111111 111111 1. 288. 11 wat

19

 

