284 1135155111οῆ

11111 pron. jeglich Ι. 415. 3115111515 5. 35155111 311. 131.
11513553. 1. 295. 51111515. 3115115111. 1353. 11.1
1115511 5111. 5555151. 15. l. 51 5. 750.
11555151 5111. 1115511 111776. lV. 35115151. 1v. 467.
562. 3551 5111. lV. 439.
iver m. 51151 Π, 740, 351151 pron. poss. 5551.1515.1.35115
ivrig 1113. 3, 111. 11, 72. 555. 11. m. 3511551170.
1111515111. 1. 305. 3511515155 111. 4521
35151513. 35 gewis 11111. 21. 5551515515111 m. 111. 11. 7541
3511155111 m. IV. 175. 155155 555515 111. 196.
351551 m. 11. 229. 151 n. 1111115 1151 55115115151551, 51155
3515551111 adj. 11. 536. 736. und ut (1515 1515 (15115155 111466.
35551111. 553151 3, 311
jeder 31555151535115151 1151515151 hagel 51. 15315115, kappe. 5111135-
3. 11. 666. 11143. 55 3511515 gele, 1535115351 1511111111.
3, 73. 5351. 11115551 11511 mi 51511
35155 (3535) praep. c. 555. 1354. 115 15851115551 51511 5151511111
3551111111 1111. 11. 436. 515111. 56.
31 pron. pers. 5515311. 9, 9. gen. 1151115. 11341 111403.
35551 11,76. 11513511, 35. 3, 21. 1115111551 111311551151155111111336.
555. 3511 213. 351 1, 203. 511115151131.
3ο 1) 31 11251665. 2) doch 11. 1151515 3, 7., ’ ,
33. IV. 660. Β. 110. 31352, 11. 15155 11551155 1511 13 5.
12. 3) 35 - 35 35 - 115515 4, 1515151551. 15515151, 1515115515151
1. 2. 111. 316. Bt. 111. 11. 719.
35351, 333511 13515511123131411. 1551 5113. lV. 137. 1515 1555151111.
301. 111. 1553511. 133551 lv, 312.1115115151531511551551111)
666. 11525. k. 151151 111. 156. ung
33155 355155 111. 432. 111115 11, 7*.
jope 1. IV. 674. (simplic.) 1111511 15. 111. 4701
35515 1315515,115115551515,551115511. 51155151 51. 515 ewigwarender ca·
151 35111111 3, 170. 15111151 1. 4081
355155 3555111115 1, 71. 15115515151 hane m. B. 61.
juchzen 8, 61. 1511555 1. 1111111555, 5155515115 11. 14.
3551 151155 5, 96. , 551.
35155151 immor 4, 2. . 1115115 1. 1169211697. .
355151 111115 Ι. 441. 1155. 111. 1111511555 m. 1655115551, 55115111-
252. 263. 444. 11, 141 3551511111 155511151 lv. 278.
adj. 11. 767. lV. 290. 3551515- 1111555155.151.Β.42.151.1515.
1111511155 15. 114331 31151515- 531155155551 115.
kind 5. 11. 755. 3553115115 1115516551 5. 11. 6131 111. 32
5. 1. 31. 35531511519, 50. J‘ung- 3, 34. , ⁶
5115 1565115115 7,17. 35511 1113. 1555135351 m. 5115511535 111. 449.
1. 314. 325. 363. 11749. de jun· 111555 1. 3121. 161155 11. 111452.
. gens 1115 355355 15511 111. 220. 1515115151. lV. 347.

 

