6661666666.

116666661616. 166666, 1166616661
11704.

166666 1. 11. 6271

1161611166 2, 2021.

166616. 7, 35.

166166 6. 1166616611. 138.

kap, kappe 1. mantel 11. 759*. 760.
111390. Ν. 47. wie 6116.

161166 f. 111616 11. 630. Ν. 446.
16111161 6. 6161161. 1611611111 1.
1116116611, 1116666 6, 49.

661666 n. 111118. 211.

161666 6661166, nagan 1, 84.

161666 v. 16666 Ν. 276.

6661661 6. 616 661166111437*.’

1616 in. 16116,1666161666 111480.
1, 71. 8,30. 126. 161.

katte 1. 16116. 66 grawe 1. Ν. 4251

161166116611 1. 16666116611611,
616161 6661 6161616166 1166111661
3, 98.

6616116116. Ι. 194.

16661. 16116 11. 333. Ν. 478. 66-
66611666 6116112, 52.

1666. 11666 616116666611666661166
1116 .

16611. 6161611. 16 k. gahn 611616.
16116611611 611166 6666166, 6161
16166116611616 11, 1.

1666 m. 666666 11463. Β.58.10,42.

161661 Ν. 552.

keke ι. 16616666, 666 1161.
Ν. 687. agn. 6666. angl. 61661
2, 46.

1616116116 16. 1166666161 66116666
Ν. 590.

1616 1. guttur 1. 234 ὃ. Ι
keller 6. 66 666116 1. vird 661
6611116616 1611 gemunt 11. 765.

1611611111 6. 11, 6*.

166666 6166. 11. 665*.

161616. 1611 11. 151. 2, 2. 11,11,. ·

16116 1. 111616 Ν. 595.Ι 648. 161
1161166.

16116666616. Β. 27.

1611666661 m. 11. 6151

16666 116166 6, 58.

16161 m. 116661 l. 372.

1611616 1111616 11. 167.

6166616166 1113821.

6166666 1. 2631

6111161616 m. 111. 4541

11166 666166, 66166 5,114. 11, 10.
611 1116616166 111. 366.

11616 f. keil 8, 136.

11166 161166, 66116666 3,117.8,100.
116121. 137. 611 16166661
11166 Ν. 60.

1166611661. 1166111616 Ν. 247.

11666116616. 16616616616661 111.
374. Ν. 252.

1166616661166 6. 1166661116166
1. 360.

11666111661 6. 2, 2*.

11661. 1. v. 6. 1611 1611. 661.
krigen 616661611 1616616166 6.

1166616661 6. 666116661661661 2,
12.

6111616666 1. I. 200.

11616 1. 3, 44*. 11 116166 vul 111166-
66116 11. 661.

1116. 6116114, 2. 11166 16116611.
1746. kivig 1111168, 49. ’

11661 161611. 11. 114.

1166166 fullon 16666, 11611661666
11439. ,

11661 m. 66 6166 1. 616 6116 16161
161. 12. “ ’

1166 m. schlag. einen k. krigen
7, 8.

1166666 1) 16116166, 666666 11523.
2) 11666616 Ν. 633. ’
11666611616116 1. 1161166, 6166661-

161616 6, 58.

11666 6. kleid, plur. 1166661161. 37.

1. 207. 11185. 11666 11351.

116666 1215.
116661616611 1. 11. 23. 11132. 73.

,1166611616 1. 111. 35.

1166611616 ι. 11. 66666666 661611-

 

