111 1011111111

11111. 1. 361. Ι 111341.111111111111.1101111·
11111111. IV. 305*. effindig 1111111100 183. 11111111
hieu 3, 501 dem h. IV. 665. 668.
hild 1010111113, 5. holder m. 1111111, 11111111 10, 21.
hillig adj. hoillg 111. 614 holla luterj. 11 491.
1111111111 1114441 101111. 1111111 11]. 1111011. 101111
111101101611111101111111 1170. 1111 IV. 405*. 1101111 1111111
11111111 impedire, 10111111 IV. 521. 111452.
hinderquarteer 1. podex 111. 482. honnig m. honlg 8, 110.
110111, 111 rime h. 111. 279. 1111111111111111111 [1261111361.
1111011 1. 111. 2711 1001 ιι. pl. 111111 lv. 083.
1111 1. 111111 5,116. 11, 73. hoep 11. 11110. to 1011111111, ιι-
hoch 1111. 11. adv. IV. 621. 1111 sammon 11277. lv, 311. 504.
1011111011. 01 111 1111 1111- l. 3, 67.
guinich 1. 866. 1011111111 1011, 1010 1. hura 111. 177. 208.
455. 111133. 1511111111 111. 10111011101111 168. 960.
435. 1011 10111101 110111110111 10011111 1. 111212. 1, 154.
lV. 105. 11001111111111. 7,17*. 1011111111. 360.
11, 46. 1011111101, 10111111· 1001111111 11. 1011111111 111110.
(11111 1) adj. 1001111101 lv. boppeustaken m. hopsonstange. 1111
5591. 211110111111110111111. 11111111111200.
526. 1011111101111111. 11352. 1011 pl. 10111 hom 1153211193.
111285. 1114711182. hoch- 1011 1. 11153.
erluehted adj. 1. rede lv. 409. 1011131111. 11111114, 156.
hochflegend 11]. lV. 399. 1011- 1011 11. 101 11. 570. 111. 51. 313.
111113 adj. 1146. 10011111 1. 11111. 11111111 11. 151.
10011111 111247. 287. hogo tid 11111111. 1111111111 11. 595.
8, 57. hochtidgedicht n. 111. 11111111111101111111111165.
260. 1011111111 adj. lV. 600. 111111.11110111.411Β.121. 111
101111111113132. 10111111 dem 1111 110111 1111111 1111
10111260. 1111 dem 1111111 111111111111
10111. 1111111101. 1111111111111 11202.
1. 11129210 1111111192. lv, hbvetkflssen 1. 1011111111 11115.
595. 10111111. 11. 402 ὃ. 1101- how 1. 1111111. 662.
1111111101101 111. 4421 101111- 11011111 f. 1101010111 1114111111.
dig adv. 111378. 1011111111 111111111111111111115, 59.
1. 111. 4431, hudo 111. 1. 0111111 morgen IV. 203.
hugo 1. 1111 11. 159. - 01. huden.
10311. 1101111111 1, 29. 10, 61. 11131- hudeler 11. 11. 7261 .
11111111111101110111101101. 1111011 111601. 11 1111111111. H·
10111 111111111111 1111111115, 123. 168.
11011111 1111111111. 560. 101111. 1111 huden 111115, 86.
1170. holt 111125. 1111110011 huden 110110 11169. IV. 103.
8, 25. it just und even 101- 11111 1101011 111111101111.
den 111433. 1111. 1112131. 111101 111111 1, 97.

1

 

