’· 155151555111115151115511. 21⁷

19, 27. 1155515 5. a. 28. 01111514. 31. 51111511.1*.2. 39. 71511-
1151515 5 5. 44. 51115514. 45. 1155112. 46. 155 5155 a. 5. 47 und 43
11111511 8. 10. 14. 47. einen 1*. 4. 4975151114. 50. 31111115 l. 1*. 4.
Ornung *. 5151115055 4. 1511151155 6. 10. 1511115555 14. 51. (1515111112Ι
48. 10. 14. 5151115104. 53. 11551514. 56. 0555111155 5. 5. 5701511·
11111154. 58. 01515 2. 60. 1511511511 1*. 4. 63. Μ111115155 Η5155 2.

20. 67. 51111152. 70. 15 11551515 5. a. ⁷2. den 2. 73. 11151511 2..
5151114. 55. 5515111111 5. 5511111.

21. 105. 1151511 1*. 4. 11015555511 115855111551511514. 116.
1551111511 4. 117. 5111511515 4. 125. 11511511 4. 115 11515155 1*.4. 132.
51511114. up 1151115511 5. 5. 115511 51511115 v. 357. 1331711114. 134. ·
154155 2.

22. 146 511512. 1418151155515155114. 150. 5111511554. 153.
5555115512. 8151155111554. mit den 1. 2. 154. 11111155 5. a. 157.
855555 1*. 4. 1591511511515. 162. 155151 1*. 4. 163. sich 2. 165.
11155 4. 170. 1511511151 1. 1715152. 5151155.15151151. 172.
Scholneisoern2. 174. 151152.

53180. 1511151 1*..4 181751511511511 4. mit einen 5. 5. 182.
1155112. 185. 5151151*. 194 151112 195. 8511514. 196. 5515155 4.
198. 5511111512. 200. 5554. 202. 55151155 24. 20611551151155114.
207. 151 a. 5. 208. 5111555154. 213. 1455114. 214. 1155111.1*..2 216.
5211541151*.4.

24. 219. 15111154. 220. 5511151111. 221115511151154. 2267711151·
men. 229. 1551111514. 233. 5111115111. 1*2. 234. 8554. 236. 51514.

24411555511155 4. 245. 51111155 5. 5. 247. 11151155 4. 252. dama 4.
11115154.

25. 255. 51154554. 255. 51515555 5. 5. 256. 151511.1*.2. 259.
1114 261. 11511154. 262. 55111554. 269. 11111154. 11515554. 264.
151 1151114. 2691511 5. 5. 270. heht a. 5. 272. 51155151.1*. 273.
1151511511.1*.2. 282. 8511514. 285. (15155511.1*.2. 286. 8515155 4.

26. 295. 55151115 4. 11511 4. 304. 1161115 4. 313. Μ111155515 4.
314 1151111554. 317. 11551154 319. Ρ15551514. 321. 1515154. 323.
17511154. 324. 551151111410. 326. 115114.55111515Ρ.8.1014. 328.

15111551*.4.

2733211154. 333.5151151111551*.4 335. 1111115155 5. 5 339. 55
2. 343. 151 1. 1*. 2. 345. 1155155 4. 346. 141115 4. 348. (15115151 4.
3414551511 361. Β555114.

28. 373. 55151554. 374. 55511515 2. 375. 155114. 378. 35155514.
379. 5515511154. 380. 8511111115 4. 382. syn 4. 384. 51514, dat id tis 2.
385. 1111111511 1.1*.11. 387. 51114. 39015115181014. 3921155110-
5155155 4. 394. 11511511 1. 1*. 2. 399. de 4. 4031115115112.

29. 407. 5111151515 1*. 4. 416. 5151. 2. 417. hupsch 1. 413. vor·
1515155 a. 5 420. eren 5. a. 1115512. 51111551 1*. 4. 430. 1111111511 4.,
5155 1*. 4. 432. (15551151. 436.]’51551511151141515155111512. 4871555
4 444 1115554

 

