304

11111. 111 ι. 11111101. 1111111
1111111111 1. lV. 45411

110011 m. 1111115, 53.

11111 111111 Β. 62.

1111111. 1V, 630.

11111111611,1111111 1. 152.

1111111. 11. 1.

1111 111111. 3. prm. 111111 1. 233.

1111101111. 11111014, 157.

1111111. 1111111, 11111114, 73.

111110 11111111. 231.

1111111 11].11 111. 1111111111, 11111-
1111 1101 l. 254. 11. 618 791.
1,11.

1111111 ιιι. lV. 214.

11111 111111, 111111111 8, 65.

1111111112, 1381 1. 111110.

1111111112, 1381

1111111111 ιι. 11111 1. lV. 613.

1111 1. 11. 1631 ni. 211.

111 f. 1111 Β. 133. 1111111 111113,
1111 11. 211. 1111111111111-
· 1111111 111. 397. 11. 29. 1011111111
111 lV. 433. 111 langen 11111
1. 1. 11 111 1111111 111 Ι. 107.
101 111 lV. 469. 11 1111 111
1111 1111111111 7, 12.

111111111111111. 11726. 111447.

11111111111111111 11. 160.

“ 11111 m. 011.

11111 1. weibliche 11111 1421. ΙΙ.
69. 74. 114. 120.]24. 128. 2, 66.

1111111111 n. 11. 97.

111111111 111. 429.

10 11111. 11. 10 1111 um 1 111
2, 23. 1011 111111 1111111111,
11 111111 2, 26. 10111111 11
11111, 11 1111111117. 461.

10111 3, 29. ι. 111111.

1016311 11 1111111 1111111111 11111
111111111 8, 34.

10111111 1111111111 1,1.

tobringen Β. 6.

1011111111 1, 21.

10111111111111111111111411111146.

0111111111.

10111111 11]. 1111111111. 367 0.

togrinen 1111111112, 29.

10110111 1111111111 1. 372.

101111 adv. 1111111111 Β. 16.

1011111 ιιι. 1116111111417.

10101111 11111111 1. 34

101111111111111111111111. 1111111-
11111 13, 117.

10111311 1111111113, 85.

161111 ιιι. 1111111 1. 107 0.

10111111. 111111, 111111 111101

1011111111 1111111111111. 631.

101111 11. 111111. lV. 482.

10113111, 108.

toplagen zerpltgon 1, 107. 4, 84.

1011111111 111111, 111111111111111,
111.

10111111 1111111111. 110.

10111 m. 111111111167410111111111
4, 61.

10111 ιιι. 1011 111. 263. ·

1011111110 111111111 1. 245. 11. 753.
’111342

1011111 1111111111 lV. 51. 56.

11111611. 111. 21511.

101115111. 101111 lv. 233.

10111111 1111. 11111111111.80.346.
lV. 493. 1111111161 2, 38.

10111111 11111111 s. 111111.

11111111111 1111111111111 4,18.

1011111 1111111 1. 288.

10111011 111111111112, 232.

1011111 11111111, 1. 1111111 1111 11,

11111 1111111 111. 311. 9, 97.

1111111 1. 111111112, 70.

101111 111. 11101 11. 80 δ.

1011111111 adv. 11111111 ΙΙΙ. 221.

10111111 2, 104.

111111111, 1. 21. Β. 61.

11111 11. 1111111111 Ι. 166. ·

11111 1. 111111 111488. 8,151.

‚trecken 111111 2, 90. Β. 67.

111111 lV. 236. 111111 1111111111

, 11, 22.

 

