270

1111111101 111. 1111011111111111111
Β. 97.

111111111111 11111111 111111, (1111111111
13881147.

11111111111 am 1111111111. 23.

allerwegen 1111101151111. 177.

allon = 1η. 111111 111. 190.

1111111111 n. 11111111 111. 266.

1111111 51111111. 127. 1111101111.

111, 1111 quam 1111. 16. 1. 290. 11
1111111130.

1111111 vo 1111117. 24.

111111,111111111111111 1. 26. 111 11.
68 6.

1111 11111 1. 90.

1111111111 zusammen 111. 308.

, 11111111 (111111111ςί1 17. 197. 2, 114.
8, 28.

11111111 111115111110112, 80. 155.

alver'n 111111, dum 157. 11. 111.

1111111111. 1111111111 11. 466. mhd.

ambassadeur m. 1. 217.

ambra 11. 473.

11511111 1111111117. 849.

11111111 1. 1021 11111111. 1111. 11-
1111111111. 680 111111111.

andragen 1111111111. 220.

ane sick 11111, 1111111111 1 51. 1.
dat. 2, 10.

11131111 11111111 2, 113. - 11..
1. 885.

1111111 1111111111 2, 117.

111111 11111111 5, 96.

anleggen 1111111811 111. 880.

11111111 1111111118142.

1111111111 1111111117. 85.

11111111 111. 186.

11111111 111111111111 2, 220. Β1.
115. 11111111.

1111111111. 117.

1111111117. 272.

1111111111 11. 249.

11111111 1. 259.

analag m. 1111 Ι. 438.

1111111111. 196.

1611111111.

anstahn 11111111. 141.

111111 1111111111 11, 39. 1111. 11-
111111117. 68. 805.

111111111111 11. 11 29.

11110111 anzeigen 17. 16. 170.

apem. 1111 11. 801. 111.178. 1111-
kind 117. 659.

1111 offen, 111 1, 54. 1111111111.
218. 11410. 2, 85. 111111111111
1190746. 1111111111 1111111
11. 20.

1111111111111 1. 111111111111117.
14*.

11111 m. 1111181113. 1111011111
111111 1111111 1, 88.

11111111. 8, 27.

1111111111111111, 1111111111111111-
11111111. 385.

111111 11. 1111111 111. 307. vgl. 111111
111. w. 24.

argwahn m. 11111111 11. 117. 245.
25511111.

arrha 6, 5*.

1111111111 1. 1111111111 1. 238*. 240. 257.

11 111, wie 6, 28. 51, 7, 28. 29. 81.

11111 m. 111111 111111111 11645.
11111111 adj. 11. 616.

11111111 1. 17. 162.

1111111111 f. 17. 475.

Ave Maria 11. 220.

aven m. 111111. 506. 1111111111.
1139711

avend m. 111. 33. van 111111 haut·
151111, 1111 van dag 8, 140.

avendgebede 111. 184.

1111111111 1. 1511111011, 111111 111·
371.

aver 1111111. 1. 111. iiber 111. 424.
17. 346.

111111 1, 31.

avergang m. 1111111111 1111111111 17.
878. Br. 1111. 11. 482.

1111111111 0011111011111. 423.

· - avericheit 1. 1111111111 11. 503.

1111111111 1111111011 11. 399.

 

