310

21101111 sili Π. 5291.

2101111 1. Π. 266

2101111111 n. genechto, gebindo 5, 71.

21110111311111 n. 2, 105*.

flego 11. 1011111101, 11111 3, 46. 5, 71.
1112111.

2111121211101111111111111 Ι. 294.
9, 29.

21111 11.11111111111111111111. de 1.
holon 111 1111101 11111114,150.

2101111 1,33. stigen 1, 204.

21111 1111111111, 011111111111111 2, 64.
173. 4,18.

21111111 5, 34.

211 m. 21111 Ι. 128. Π. 144. 2111111
111. II· 422.

2111115, 113. 2111111111 n. 2, 71.

· 20 m. 111111 21 Ι. 352.

20111 11211111. hochflegende 2. IV.
399.

. 2001 m. fluch Ι. 447. 2111112119.
2011111. Π. 682. floren 1111425.
2011511111 2. 2, 201.

2111 111. 5, 95. 20011111. 1, 78.
5,17.

1111111011 1011111 2, 78. 5,15.

1111111 11111111 1. 88. 9, 52. 1111. 151111.

101111 11111111 1410. IV . 563.

1011111111 p1.11.726. 111. 220.

111111011111111 1. 4160.

101, par ma 101 ΙΠ. 319*.

1011011 1111111 Π. 348.

1011 1. 111112,133. 3, 54.

1011111 Β. 111.

1011 11. 1376. pl. 1011111. 213.
1111 1011 1111110111 Ι. 97.

vffllig 111. 1111111 5, 92.

111 praep. 1) 1011111. 13. 2) 1111,
11111 Ι. 137. 151 nik 121111 ΠΙ.
348. 151 gewis IV. 479. vor
sik nemen 1111101111111113, 105.

1011111111

50111111 1111 111 1111 101111

’ andorn Ι. 138.

1111111. 101111. 111111 151 111111
wie 1111111453. 1011114192.
541. 1. 1101111111.

1111111 vorm. 1. Iopen 17. 491.

151111 10111111. 186.

1101111111 111. 11111511, 1111101111
1, 27.

1011101 m. Π.560. ΠΙ.94. ”

ffiren 1112111011. 94. ΠΙ. 406. 2)
11111111 ΙΠ. 181.

111101 :2 11111011. 1111. Ι. 201.

1111111111 pl. 17. 549.

1111011111 11]. 1011111111 1. 218.

1511151111. 111 stirne 2, 132.

10111 1. furca, 1111-,11111111118150
10111111111 m. deren 11111 8, 94

1011111011 8, 10.

1011011111 1111011111, 11111111 111-
1111111 4, 60.

vorleggen vorlegen Ι. 134.

1111111111 1111111 11. 780. ’

11111111 IV. 222.

1011111111. 11111111) 4, 81.

form 1. 11111111. 202. 414. ΙΠ. 40.
75. 17. 438. 572.

15111111 11].1111101111 10, 60.

11111111 1. 1111111111 11, 38.

1111111111 adj. Ι. 124. IV. 264. 1101-
111111 111 ΠΙ. 274. 1111111111
111. Π. 39. 181.

1110111111 pl. 111. 174.

1511111 m. ΠΙ. 174.

15111111 m. 10111111 5, 89.

1011111111101 verschmihen 3, 83.

11111111111Π. 311. ¹

1111111111. 1110111116, 3.

1111111111 1111. Π1464.

101111111111111 f. [V. 627.

1011 m. 111117. 278.

1151 bruel 1111111112, 121. 152. 1011111. 1111118, 113. 152.

1111110112, 152. 151 1111101111 10115111111111110111111111Π80.

111 1111101111 2, 82. 151 11111111,

11111 Ι. 132. 1111111111 ein

101111111Π. 171. 1. 11101111.
1011111111, 177. 10111111 111 in

 

