14. Item 1111 1111111111111 111 1111111 111111 11111111111
111 11111111 11111.

15. Item 1111111 111111111111111 111111111 111111 im 11111 ma-
1111, 111 111 1111111 1111111.

11. 11111 1111 111 1111111 11111111 111 synon Sonne myth zum
keyser 111111, 1111111111 syn 11111 1111111111) 11 rumen, 11111111
1111111111111 111 111 111111 111 1111111 111111 1111111111 In-
teresse.

17. 1111111111111111111 11111111111, 11111 1111111 11111,
11 111111 111111 11111111, dem Landtgrauen nicht geholffen, 1111 11
1111. 11111. 811111 1111111111, 11111 1111111111 syn.

18. Item 1111 1111111111 1111111111 sunder 111111.

19. Item 11111 111111 1ο gagen dem Landtgrauen sprach 111111-
11111111 hatten 111111111111111 11111111 desselbigen 1111111111, 1111
zu 111111 1111111111 11111, 111 dem 01111111111, 10 111 keyser ordi·

, 1111, 1111111 dem kamergerichte eyn ider 1111111111111.

20. Item 1111 111 11111 1111 1111 1111111111 1111111, 1111 11
11111111, 11111111111111111111111111111 11111, 111111 111 111
1111111111 3111111 1111 dem keyser 111111111111.

11. Item 1111111111, 111 01111111 111 311111111111, 11111111
11111111, 1111111111 111 Ζ11111111111111111111 11111111 1111111111
1111111111111, 111 111 11111111 werde, 111111 1111111111111 111
1111111 theto 111111 111 111111111111111111 myt heres crafft 111111-

1111111 imme 11 11111111 1111111.
. * *

111111 1111111111 1111111111 1111111 11111
Dymos 1111111111 11111111111111111111 1111 11 11111 11111.

 

