296

1511111 111. 1511 11. 771.

1515115151 11. 111. W„

rente 1. zius. up 1. 15111 1. 132.

155511 11111 IV. 497.

15511515111. 102. 156.

15151511 f. 1115111115 1. 11. 277.

respect 11. 11. 710 111299. 15-
511515111 11. 30. 745.

1511151511 111. 188.

15151511 1. 1. 195. mit r. 11. 656.
1. 1111151 11. 649.

1111115115 11. 11151151115511,11 15111
511511111111 55115111, (1111111151
(111 woibor 11111 55111551 (1111511)
111 11511511 5111151111 4, 161.

11511511511. 51111511. 15.

11511151, 111111 1. (111151111151111
11. 195. 292.

1111511111 111. 11. 48.

rik 11]. IV. 264. 11111011 111. 190.
111. 961. 1111111111 1115151111111

, (1111111) 11331353.

rim m. 1111117. 245. 279. 526. pl.
111111.439. 461. 111. rime·
1111111. 11. 479.

111151 11. 276. 1111111151 8, 110.

tinge 1111511111 11. 627.

ringen 5511111515 111. 459.

111555 11].1111115111. 11111 11. 790.
Β. 60.

11511.11511111,71. ’

rip adj. maturus 2, 9.

1151111111. 1111111114, 45.

11511 11]. gendo, 11111511 10, 29.

11155 1115511 11. 444. 2, 132.

15511 11. 11. 998. 111924.

1555111115 111. 1. 2721

15151. 151111 11. 86. 11. 408.

1515115111111 1. tn. 11. 87.

rogen regen ³, 99. 4, 24. 8, 34.

roggenbroed 1. 1v. 605.

1511111 11. 111111 11. 624.

rohmgirieheit 1. 111. 414

151 5511111111. 11, 22*.

15511 11. 11551 111. 321.

WORTEBBUOH.

1611 1511111 1. 77. 282. 11. 653. 457.

16115113 111. 1115115111 4, 157.

1615151111 1. 1111111151111957.

1611511151 11. 11. 4761.

151151 1111151 11. 1.

1611151 11. 11111111 111. 418.

1111515511 1. 1511111111 10, 52.

1611151 151151 111. 805.

15551 11. 302. prt. reep 8,101.
122. 194*.

111511 11 11111511 11, 54.

1511 1. 1511 11. 414. 11. 50. 1511111
11111. 1515115, 5111111511219.

1515111115 11. 2, 951.

15511 4, 42.

15111. 5111118, 64.

15115115111111.111111111151 111. 449.

1515111551 1. 1111111111, 111111·
111111. 959.

10151 1115111115189.

1111 r. 1111115. 559.

tow 1. 1115 1. 74. 1511511 11. 761.

115511 15].111111110511462116.

1155111151 111. 1115111113 11. 629.

111515155115 1. 1115515111 6, 31 7, 54.
ital. 1111111, 1111111111.

rugge m. 111. 151. 11115.

tuh 11]. 111115, 132.

1111151 1115111111. 451. 461. 750. r·
11 5111111388. 1110.

rullo 1. 2,177*. 9, 77.

111511 m. 111. 52.

15111151 1111111111 5, 61.

1511115111 11111111, 1111511111 512.

1111111511551. 1115111111111,11111 ,
veih 7, 64.

1111511515111151151. 1. 9691

11115511 1151111 4146. 5, 25.

runa 111. runa hund 1, 15. 1111
herum 1. 203.

runge 1. 5111151111 8, 150.

11111511. 111. 817.

rupe 1. raupa lv. 181. -

11155511 11111111 11. 585.

1111155 1111111. 13.

 

