¹ 1511111111.

1111116ᾱί111 11]. 1111161111 11. 383.
1111111111 11. 668. 1. 1111111111.
averschwemmen 1111111111111111 111.

420.

’ 111111 tutem, 1111 111. 213. 1v. 21.

· 581. B. 103 6.
avertugen iiborzeugen lv. 6.

1 1111111111 1111111111 111. 364.

1111111 vom 11111111131111 1359.

’ 11111 111 11116111. 1111111111 111111 111-
111111111 11, 11.

bachen coquom 11 440. 1111111111
11. 111111, 11111117. 273.

bade 111. 111113, 37.

1111111111 m. ΙΙ. 5651. 111. Haupt·
111. 11, 59 ss.

11111 111 1. und 1111111 111. 454.

bage 11111111 1115. 7, 7. 1111111111
5, 62. hage 1111111111 1. 128.
bagenwis nach 111 111111 begenz,
3111611112, 130.

111111 1. 11111111111111 Π. 132*.
35717. 381.

11111111111111111111117221.111111.

1111111 71. 81111. 1, 207. 11112,
4. 6.

bulg 11. 5, 93. 97 von 11111111.

111111111111111 1, 165.

111111 111.’Ῑ. 379*. 6, 80*.

’11111111 5, 97.

1111111. IV. 522.

halley de 111131111111.773*.

11111111 m. 1111111 11. 378. 11111111-

11111. 1. 78. 1111116111111 1.
11111111. 17. 359.

1111111111 11]. 11. 714&

barmhertich 111. 17. 653 111111-
111111111111 f. 1. 144.

1111111111 1111111111. 296. Β. 124. 4,
66. 1111111111. 161111 11. 546.

11111111111 17. 158*.

batem. 1111111 111. 288.

11111 11611111 17. 421.

1111111 1)111.11111 1. 420.Ι 11111

111 111. 482. 8,196 ·- up 11. 1913

2) praep. 11111 Π. 68.

1111111111 1. 1. 159*.

bedelpack 1111111111111 Ι. 346.

1111111 1111111 11. 152. .

11111111 11111111 1111--1111111111
17. 33.

bedohn 11. 12*.

11151111 zum 111111 11111111 1. 235.
Β. 2.

11111111 1111161111 11111111 1. 2311.
17. 306. 641.

bedregerisch 11].17. 316.

,5111111111 11]. 11. 409.

11111111 1111111111, 11111, prta. 11-
111111 111. 2. 1111111. 136.

1111111111. bonag, 1111111. 107.

51115111 11111111 1. 233. 11116111
3, 10. 11111111111111 17. 306.

11116111 11111111 17. 269. 161111
1111111111 11. 427. -11111ε111-
1111111111 8, 199. 111116111111111
6,15.

1111111111 1111111111 1. 264.

1111111 valere ΙΙΙ. 87.

1111 n. 1111117. 620 6.

1111 1. bier 1294111136. 1111-
111111 1111111111 1v. 326.

11111 n. 111111 1. 60. 11438.

1111111111 dio ertahrung 11111111 1.
268. ΙΙ. 289.

beginnen prat„ 11111111 ΠΙ. 306.
11111. 1131111111 11. 55.

begraven 1111111117. 263.

⁴begrineu 11111111 11. 138.

begripen bagreiren 17. 384. 646.

1111111111 5, 100. 1. 1111111111.

1111161111 11111111111111111 Ι. 87. 11.
743.

11111οοί m. 1111111111, 17. 174. 3, 7,
1111. 11111.

1111111111 1111111111 17. 353. 416.

11115111] 1111116111, 1111111111 11. 146.

beJegen 1111111111 3, 129. 11111. 111111.

’1111511111 11. 679.

1111111111 5, 100 1111111111 11.

 

