1111111111.

den 11. 73.

11111111. 11 pent 111. 1111111111
1. 406.

1111ρί11 1111111111 111. 318.

ζ 1111111111 lv, 670.
’ 1111161111 1111111111 11. 10611123.

1 1111111111 111111116111, 11111111111111

’ 11. 164.

1111111111 111. 306. Vgl. 11111111.

1111111111 1111111161111 1. 292.

1111111111 111111111111, 111111111111
1181. lV. 407.

1111111 1111111111. 611111. 11111111
1. 234.

11111111 1. 111 2,163.

1111111 111111111111. 324.

1111111113 111. 1)11111,116111111
111. 391. 2) memoriter, 111 dem
gedichtnieee. 1111. hereeggen IV.
426.

11111111 1111111111 1. profession IV.
226.

11611111111111113, 144. ’

11111111. 136. 1111 m. IV. 173.
1, 41.

1111111111 1. ΙΙ. 42.

111111. alle v. tiglieh, 6111111111-
1111 11111111. “

1131111162.

vaget, vagt m. 1. 20 ὃ.

veken 111. 111 2, 216. 816186.

1111111111. 1, 23.

111 praep. 1. 111. 111 dag 11111
11. 144. 111 111111 1111111111
3,140. 111 111111 1111111161
111 vom 111 1111111111 ΙΙ. 641.
111 1111112, 171.

11111111 m. 116111 111111111111.
Ι. 6. 1111111111111). lV. 342.

11111111 1. porcellus 17. 447.

11111 1. 11. 411. ,

11111 11. 1111 1, 2. 21. 26. 206.

vaskeechmeen 1. 1, 7.

1111 111. 111111. 566. ·

1111111111 11,]1. 606*.

307

111 n. 116 lV. 686. 11 hand in’t
vet hebben die 11111111 beben
111. 476.

’ 11111 111 111. vetes lV. 422. 11111-

3611111111. IV. 417*.
fattig 11). 111.1111,11111111. 1. 1111111

’ 111111 1111 3, 134.

favor 1. 111. favour. 631111 ll. 673.
2) ll. 664*. 667.

11111 1. Ι. 201. 416 6.

reddetr. 1) 11111, plur. reddet l.
323. 111 einer 1. IV. 66. 2)
111111111111 11. 491. 4,171.

111111111111. 11. 186.

1111 111. 1111 11111111 viel wenigee
1. 111.

1111111111. menge 1. 36.

ve'erdel n. 111111 11, 75.

veertyd 1. 1111111111 7, 62.

11111611 pl. 11111161111. 36.

vegen 11111111111111113, 71.

1111111111 1. 111. 160. Paris 11161
eo, 1111 11 111 1111111111 111Ι
11111111 1111111111; wie 71111111,
ein 11111111- 111111111111111111
6111111 11161, 1. 11111161111111
71111111 genennt 1111111.

veh n. vieh 1. 36.

1111 m. 1111111, 111111 Ι. 171 ὃ. ene
1111 1111111111 l. 409. 11111161.

1111111 111111, 1111111111 lV. 17.

11111356.

velicht 111. 1111111111 l. 35. 360. ve·
11111111. 426. .

111111 1111111111111 1, 24.

fenix m. 1. 330. 364. 1111111111 1.
dem. Ι. 366.

1111111. 6111111111 4, 62. 6, 21.
7, 69. 80. 111. 1111, ’
1111111111 contemnere IV. 361. 434.

verachting 1. Β. 47.

1111111111 1111111. 4. IV. 682. 1.
sik verendern.

11111111 1111111, 1111111111111 6,
36 7, 81. 11, 28.

20*

 

