, ,²⁶⁹-

1515111115115111151151 111 1111585
115118515111151 125.
11551111, (111115111111515165. ,
1155111111,11151185111 11811118 48.
¹ 46. 64. 90. 91. 96. 109. 111. 195.

111151, 11515511, 18.

Linde, 115151, 11511111 5111151, 61151.
(Er 11111 1151Μ5151. (1111181155
111 1111111115 1118111515111511 11
15111111. 11111. Π, 195.)

115811 (151 115811), (15518, 18.

nuthet, 5115 11 ihm 1511115115 151-
81111118 203.

1111511115, 14. 37 11151151.

111111, 5111115151 151, 78.

Maior, (15518, 8.

1111115111 7. 18. 146.

111111511, 1115118111151, 86. 176.

111111511115, 8115511511151 05111
11151 11811518 gebracht 129.

11115115 elector, 1. Β11115111118, 15·
achim.

1111115111, Dr„ 13. 14. 15. 17. 30.

1111111,Ρ511., 33.

111111111111 1. 8511115111811111151
105.

115111111111, 5111111158, 15. 17. 77. 157.

115111511151, Ρ1., 7. 18 und 111151.

1151511151, 11111118515116111118151-
151151 140.

11151151111115811 151 111111 151104.
105.

1111511118, 15.,. 1511111515 5. 19 111 11-
1511 15. 1513118515 5. 7. 14. 151111,
151115111511151 9. (181. 1111111851
11, 155.) ‘

1111515. 8815111511 111115 208.

11511511 11815118 56. 80. 81. 91.

11111151. Βί15115111111 1511 truppen
1111511851118 151151151 1151151
88.

Masculus, 115118, 111511851111181-
burg 1115115114. 55. 4515.
54. 61. 67. 78. 81. 86. 94. 1011103.
105111. 125. 1111141148. 160.

166171177. 182. 1111 11811118
15111151 195 ff. 213. 822. ’

11111151, 111115111515 97.

1151111 (1111511118), wilhelm 151,
5. 11. 14. 15. 16. 18. 41. 52. 60. 141.
151111151151. 155. ,

Nasum, Philipp, 91. 98. 124.

1111111 (8511115151), 151, 65.

Neuius Sp'erans (Ηορ51), Herm. und
151,, 115115 11 11511111 11511151
(11111585111, 193) 5. 1911181151.

1111111518 8. 15115111151 51151 209.

01511111851, Ρ511., 11 11181151.

05111111,Β5111., 33.

01111151 1151511511151 ff.

ὃ1111851,8111 Wolfg. 151, 191.

0115,11115115111151 1111811118 (5111
061151),15115111111115511511515148.
49.

Ρ11111. ’11111 Parma und Ρ115511111,
11151151151118118,111151151ὃ115
8511511511511151151 11.

Ρ11511ο11, 111515115111511 15111511-

. 1511155112.

Ρ1851 151 1111511 61. 151 5111115151
151 01111 152.

papenheim, 151511111115111120.18811.
197.

Papiermfihlen 56.

Ρ1111-Β11511,011Η5111151151,10191.

81111185115515111011115111148197.

Ρ11181, 111, 74. 130.

Philippus, hofprodiger 15 11111511 6.

Pomm-n, herzog Philipp 151, 211.

1151181 151 151151 5111185111 11 051-
111111151151 38.

Proice: 15115811111151156. 5115111- Ι

1511115151 111151 38. 511151 15151-
8511151151511511511 49. 5115111151-
151 96. 15111111511 107. 51151151-
5151171. 51151 85115151 1151115111
198. 51151 51511 231. 511511115151·
5111 137. 189. 151 1115115111 158.
161. 166. 185. 511511158511 241.
11111111, gibt 5111511111 1118111118 18.

 

