111

1113111111 3111111111 187.

1111111111 111 1101131 111 Ρ1111 61.
66. 69. 71.

111011, Patr„ 8.

8111111 mit 11110110 48.

8111111101011311. 74. 107. 180.

811111 vit 1711111111 311111 177.

1111111113 durch 011 11111111 von
’11110110 100.

1711100111, 10111111111, 10.

811111,01οο1111, 10. 10. 1111 1111113
01101111111177.(8.11011101 81110.
11,p. 184.)

111111, Marc, 11.

8111111111, 011-, 80.

7110111110111111101111101 178184.

71331187. 40. 0110111111010111700.

81331111, dio, 84. 80.

811111, ’0011111310 817.

801111101131111111, 77. 147.

8101111 11111111 V. 180. 187. 181.

1111111111, 1. 1111101113.

(11111, Η111 111, 71. 88.

0111110011 77.

0110110111 1111 1111111111 11 111 86.

010111, Just„ 18.

01111, 0011111110, 740.

0111111111 10. 71. 77. 78. 40. 41. 47.
48. 06. 80. 80. 71. 74. 77. 80. 91.
80. 98. 110. 170. 178.177.187.180.

'ummmmmm

011ωο110, wilh. 111, 17.

(111111, 11111. 111, 88.

11111010, 0. 47.

1111111 111 warstein, Wulf, 108.

111111, 0111, 18. 10.

1ηωω111,

111111111οο, 01111, 3111111111 iu con·
1111011111 88. 184. -

Η11110113,311111, wilh. 1111 01113,
0. 8. 781. 788.

flentium, 110., prodiga· 1111310113
78. 08. 97. 108. 111. 117. 110. 118.

178. 188. 101. 108. 184. ,108. 170.
180. 777. 788.’

Η1101ο1, 1111 311111 49. 90. 01111111
186.

111111, «7οο., 11111311 11 1111111118.

Η11111, 11113111 Philipp 7. 9. 10. 61.
189. 700. 700. 8111 1110111011 11
don kaiser 1. 110113.

' 1111111, 00118110111131111011110.

48. 66. 69. 88. 90. 118. 189. 108.
164.171. 111101 1048 10 011. 3110·
schrift 748.

11111011, 110., 86. 48.

11111111οἐ01, 1111113 1111 01110111 mit
Heinrich d. 11. 111 1011111οπ113
181.

Hoffmann, cbristoph, 787.

Η11111111111, 110110 111 colmar 7. 8.

Η13111111, 011, 01131111 41.

Heia, 311111, 17. 81 11110011.

110111111101, 01111111 188.

11111111, 01, 1111111111 1811111311,
1111011311 astronom 86.

[1110111111. Im dom 11 01310113 07.
am rothen 1011 11111011 108. 111
einer 101 168. 11 0110110113 709.

interim, (111, 88. 88. 71. 08. 84. 87.
100.108.100. 108. 177. 178. 180.
189. 140. 189. 187. 194. 711. 771.
778. 781. 707.

11111111, deren 01011101 87.

11111 V„ 1111111 70. 79. 110. 111. 117.
mmwmm

111111 111 01111111 716.

1111111111 111 01310113 1111111111
111 11111111ὶί10οο 0113111111 74.
108.

Retio, 3ο11111,11111111 718. ·

Κ111111,01110110 11117110.1ο1,(1110·
11111 0111011111 11111111) 77. 111-
immorer 111 111011100111110011
104.

1111111118. 1111111111 11 11310113 84. .

1111ρο11111, D. 1., 177.

11111111, 1101131. 311111111111111149. -

1111- und 1111111 11111111 hittun 111·

· 3101111 1111111 311111, 1111101 111

 

