1111111111.

1111111111. 11111111, mul 8, 114.

1111111111 m. 111111 14111. Π. 42.
1111111111111. 11. 741.

1111111 1111111118, 161.

1111111111 m. 11111111 3, 44. 71111.
1111111111.

11111111 111). Π, 373.

1111111 m. 111111 11. 641. 784.

ΝΘ

11111111 m. 8, 2*.

1111111111 1. 1111111111 Π. 732.

1111111111 1. pl. 1111111111. 11111111-
111111111 1111111111. 203.

11111111 1. 11111111, 1111111111 ΙΠ.
226.

1111111111 1111111 Π. 179. 648. 111.

1111111111 1111111. 1111111111,1111 1111111111 m. 111466.

11111111, 1111111111111 11171. vgl.
1111111111.

1111111111 n. 1111111111 ΠΙ, 98.

1111131111 m. 11, 24*.

1111111ρά111 m. 11111111111 11711.

11111111 1111111111, mul IV. 360.

687. 8,21.121.

1111 m. 111111 Ι. 426. 449. lv. 12.

mm=ffifflffl

111111 1. 11111111. 223. ’

11111111111111, 11111111111 11.Π.
172 IV. 364.

scholappen 111111111111 Π. 104.

1111111111 11 ΠΙ. 41311

1111111 1111111112, 174.

11111111 1111111 IV. 313. 330. prm.
11111111 pl. 11161111 111111 IV.
130. Β. 36. 1111111111 1, 1. 29.
111111 2,14. 7, 76. 1111 2,16.

1111111111.Π. 191. ·

11111 1111. 1) 11111 1, 67. 2) 111111,
111111 ΙΠ. 312.

111111 ιι. Π. 392. 1111111111. 111111,
111111 Π. 327. verul. 111111111-
11111111Π1.442.

1111111111 m. 1111111111, 111111
111. 111. ’

11111111 1. 1111111 1II. 290. 314.

11111111111. 1111111111111, 1111111
Ι. 421. Π.182.682 8,114.

11111111 m. 1. 149. 111. 111. 413. IV.
412 11111111111111 1. Π. 674.

11111 (111111) m. 111110. 1) gu-
mium 1. 70. 2) 111111 111111 1111-
111111011111 ΙΙ. 286.

11111111111111 11. 1. 62.

1111111 1. 111111, 1111111111 IV.

1111111111 1111111111. 111111111111·
11111 11111111111111 111. 411.

11111111 11111111 8, 81.

1111111 1. 11111 111. 461.

11111111, rime 1111. IV. 241. 1111111
1111. 111. 37. IV. 210.

11111111 m. 1111111. ΙΠ. 287.

· 444. schriverken 1.(11111111. I.
127.

1111111111 1111 11111111. vor 111
1111111111. 1, 26. 1111. 111111-
1111. 111111. 111. 638.

1111111111. 2, 1341.

1111111111 1111111111 Π. 173. 11111
1111111, 1111111. 161 1111111111
11111111. 1111111111 8, 134.

1111111111 1111111111 4, 56.

1111111111 1111111111. 1111. ,11111111
2, 180.

11111111111111 1. 11111111111111111
11111114, 116.

1111111111 1111111111, 11111111 1, 31.

11111111. 11111111, 11111 11. 761.

1111111111 1111111111 Π, 780.

1111131111 m. uhu, 11111111 ΠΙ. 251. —
1111111249. 6111111111 207.

11111111 1. pl. 11111111 Ι. 117.

1111111111111. 111. 134.

1111111111 1111 verborgen Π. 711. Π.

1111111111. 1111111 (11111) IV. 671.

11111111 111). 2, 1861.
11111111 1. 1111111111, 74.
11111111 1111111111, 1111111111 B. 100.

 

