09019191.

110101111ϋοί1 1111311113 45.

111 von Kompten und 10110 1110111
109.

90101, 911, 001111 3111011 109. 191.

Agricola von 91110101, soh.. 91. 159.

1100110111, 101111. von, 19.

Anium, 10110 1111111111 91.

1110111113, 3111 0111111011, 111.

1101113101, Herm. von, 11. 51.

1111311111, 0111091119 194,

9111111 1111010111οω 109. 109.

Aquila, cnsp.. 111. 111. 110.

1111010, 00101111100111011011 10.

11111101, 3111001111101 141.

1101110111, 1101 0111110111

“ 1131111311, 1199011 31090 numen
1111111 143 111 1010111111 101 ihre
liobam 301101 1101195.

&badius 91. ’

91001111 0011110111 111101 991. 199.

91011101 0010111111 101. 110. ,

9111111111, Patr.. mit 1101111 10101111
91.

anahem-obet 11 11311113, 59.

mangana, Hieronym. 9. 111. 119.

9011111113, 9011011113, 9011011131,
0011101, 11. 99. 119. 109.

Bia, 0011110101, 110.

nomn (90111), Max 101, 11.

nist, 011ωῶ111301οΜ 99. 199.

911101011113, 101109 911. 119.

9111001113, Alban 101, 14. 1911.
140. 119. 9010111019. 1910.
191. 9011111145.

911ωο111113,“911111.1011, 19. 91101
99. 191. 91111 14. 90.

9101101 95.

91011, 91, 19. 154. 150.

9111011111, 15. 19. 91. 5015.

Β130111301,901., 10111100 7.

9113, 901301 111 001, 3010101110 9. >
919. 999.

0010,11.111,101.101. ’

0110111011, 01110, 91.

0131111011 und 1011111101 111 1100110111
nach 11311113 30111011 99.

’ 0111011111 (0111100101), 1901101111,

0. 10. 19. (9111111111. 199.)

0001111111, 9011, 90.

00111 (0111110101 10011111.) 0. 11. 10.
00100. 101. 111. 115.199.191.
111111. ’

colloquium 11 9030111113 59. 149.
141.

column, J 01, 1100110119οο 49.

0011101, 011 111101110101, bei 910111
101111190.’

0101011113, Herm. 1011, 11.

91111131, 911111 von, 19. 199.

0013011,31111.,οἰ13011101113111111111
195. 199.

01111101, christoph von, 9.

0111001, 1111111101 10.

1901111 11311113, 30119101 011111 99. “

Dran, Alb. 911. 911. 919. 991. m.
919. 999. 994. 999. 940. 941.

9111111011, Phil. von, 1. 11.

911101, Η101., 9. 111.

901 von 1111101011, Nic.. 313111 011
”formation 110.

93110111, 3111 111. 191.

910 0013010101111 910.

 

