6666666666.

222. 6166661166 6. H 244.

mo’er 1. moder 1, 79.’

1666 adj. 66616 6, 20.

morea 16666 2, 86.

6666666661. IH. 38. ,

666666 m. 6661661666 Π. 386.

666611666116. 11, 11*.

66166 666666 11, 73, dog. 66166
16611661. 123.

maten 16666666, 6611661166 166 1661

166661666611448. Π. 286. 606.
ΠΙ. 176. 616.

66116 r. munic· 11666116 Π. 684.

1116116166 6. 1161666 61666 Π. 164.
666166 Β. 3, 66.

6666166666 6. 6166616666, 66616661.
616 m. bruken 66166 6166666666-
gabo 66666666 ΙΙΙ. 816 .

666661 8, 66. 92.

munster 6. muster 2, 60.

666 r. 111. 480. 1193.

munch m. 6666166 Π.’474. color
66 munch 3, 22*.

66616 661. 666616, 6161116 6, 26.

6666111666 11, 17.

661166 6. 166166 7, 66.

661161. motta 3. 93.

611661. 16461. 2, 61. = 16616
6, 62

6666666 11. 87.

6616166 11. 291.

66166 6616166666 1v. 18. Brun·
92. 11616161 206.

namen 66166666 ΠΙ. 463.

nar m. 6161166 6166 6. 11. 9. dumne
6. Π. 777.

66666166 6661666166, 6661166666
Π1363. Βι. ιι. 111 429.

6666666 666666 1, 96.

6666666 IV. 366.

6666116666 666166116666 8, 6.

16161 1. 1166611166. 6661166666
6. 11. 768. 6616166111 1. Ι. 189.

66166 1. 1 822. 417.·

66166111 ads. 1316. Π. 123.

666666 666. 66166 1 27.

6666663616 6616666166 ΠΙ. 88.

6666611666 6. Π. 8661

6666666666 666. 666166166Π. 398.

6666 pron. 1616 1, 36. 4, 3. 8686. 6,
63. 8,16. 1614.

6666 16166. nonu. och neen H. 200.

66666 6666 Π. 2691, 6,101.

negen 1111 6161661666 H. 617. 626.

66166 61166 11401. IV. 288.

6616666116 1. IL 603⁸.

6661666 pron. 61666661111. 161.
26. 27.

nemen 1v. 337. 16 61166666 66

66 1) 61666. 6661, 66. 66’6ι (6.1. 66 6161 nahmen 1. 282. 666 sik

6616) 1616616111271. seeundum.
66 orem 166 6666161468. 2)
666. postu: 66 616 666, 6661616
666 Ι. 468.

661 comp. 66666 3, 18. 666. 666161
2, 123*. nogat 3, 69.

666666 numen 11. 64. 293.

nabet 66 666116 H 383. 6661166
l, 12.

6666666 3, 22⁴.

666116616166 6.-11 479⁸.
6661166661 6. 6661116661 Π. 206.
616616 666166616611 148. 484.

66366666 666. 6116161161 Β. 16.

nemen 6161 6666616666 6, 106.

66666612.

6661661, 666661 6611224. ΙΠ. 130.

6666 1. 11, 24. bi der n. krigen
2, 240. 66166661 666661661,
6616661661 4, 91. 66666166 66].
66666616 1. 29. Π. 667.

6661 6. 1161666 ort 129. 6661616
616166 8, 93.

6616. 6616 1, 204.

6616 t. 61616,166666Π. 892.

6616116666 6. 10, 68*.

nicht 666. 61611 6166 6666 Ι. 30211
61611 ein 1666 161. 39. 6161161616

19*

 

