wbnsmncfl.

ΙΠ. 439.
66661111 666. 6616666161 1, 46.

666666 6616616666 1. 78.

6611 ιιι. 161661. 163. 166.
6616166 IV. 616. 661661666166.
66661 m. s. v. 6616661.

66611661 666, 6666661666 Π 170. .

666666616161 m. L 161*.

6611161161 m. 11661166 1. 163. 166.

661666, 66161666 sartor 1159160.
6616666661 Ι. 2101.

6666166 6616666166 I. 72. vgl.
schnorken. -
6666111 ιιι. 6616661611, 1666611 Π. 86.

Vgl. 66166611.

661611 666] Ι. 297.
66666 66]. so 1666161166 ΠΙ. 293.

6661 66. 666 666166 6, 99.

666666 6611 1. 195. 666. 616666. 6616.
sidet.

6666 (666) f. 66116666 ΙΠ. 211. IV.
352. 447. 6. 666.

66666 singen 6, 79.

661661 66 1. 17.

66116666. talis Inh. 19. Π. 36. 61111
1133. Β. 126. 126. 4, 163.

661166 m. 9, 63.

661166 66]. 66661666 ΙΠ. 231.

6611661616. 6616166 2, 181.
66661166 666. 12836 II. 783. Β.
125. vergl. sngl. sometimes.
6666666 '11. 27*. 46. 6166666 Π.
37. 60.

6666111282. s. 66661.

666 f. 6661. 18. 6. 6666.

666 66616 Β. 108.

mmm&

661 66]. 666 Β. 67. 11, 66.

66666 616166Β. 108. ,

66611 m. 166666 4, 163.

6666 66. 66166 Π. 480. ΠΙ. 141. Β.
100.

66666166 m. 6666161 Π. 6186

6666661 66]. 66661161. 66666616
66166 1616616616 661166 6, 2.

661

666666 6616666 Π. 291. IV. 600. 616.

666666666 1, 61. 6666666666 Π. 678.

66661 m. Ν. 64. -

6666116166 m. 116161161166 mit
66661 IL 726.

66661 m. 661611 ῙΠ. 176. 8, 117. 9,
30.

spsgsl m. IV. 626. 66611 1666661
7, 29.

mmm&

666666666 Π. 120.

speersord m. 11. ew.

spiejsn‚ grof 66. 8, 75. ⁴

661166 m. 66616166 9, 62.

6616116666666161616, pensitare IV.
403.

spise 1. 11. 166. 420. IV. 161.

66161 m. 1616, 666114, 66. 6, 100.
7, 36.

661166 6661661166, 1616 6616 Ι. 431.
Br. 6. 966. sngl. 16 66116.

66161661 m. Π. 699*. IV. 37⁸¹.

66111166166666] 4, 167.

1611116666161 66].Π1. 26. ’

666166 666166 IV. 104.

66611666 m. spislmsnn 3, 62. 69. 90.

66666 m. 66661. 164.

6661111 666. 66611666 Ι. 163.

6166166611 m. 11. 702.

61666111 66].11. 333. 646.

61661666 1. 11. 140. 147.

61616. 6161 IV. 314.

61666666 I. 96. 212. ΙΠ. 44. 2,176.
6. 6661666666.

61616 616166. na 166666 61. 661616-
666 666 6616 7, 42. 16 juwer
wege st. 66166666 wsgs 61616
11, 76. 16 666 6611661666 61.
Ι. 46. 61. 66661. 6166666 1, 64.

6161166611 sn. squiso III. 227.

61661 m. ordo 161. 31 6.
61661 m. gsstsnk Π. 870. 380.

61661 66]. IV. 498. 616616 dage
16111166 1616666611 1, 46.
6161 (61661) m. 6666166 ΠΙ. 486. 61.

 

