272
494. 733. Β. 130. 001101000, 00-
0000001000.

00110000 011000, 110000 0101000 Π.
408.

0011100 00000100 2, 100. “

0011000000 00000010 Π. 364.

00100000 000000 ΙΠ. 410.

0010000 0010000 2, 108.

‘beliggen lingon B. 92.

00100100 0001001000, 00010000οΠ 701.

0010001 6, 3011

00100100 0010011000 B. 14.

< 001οο10 Π. 3784.

00011000 00010000 8, 97.

0000011100 00000000100 8, 08. mhd.

00001000 00000000 Ι. 79. 17. 620.

bengel 11. 13817. 207.

00010000 0000000 0, 110.

00010000 ΠΙ. 270.

00001100 Π. 000*.

0000000 000000 9, 103.

0000000 00001100, 0000000000 Ι. 107.

0000000 pertundere, rathen ΠΙ. 407.

000000100 0. 01000010100 ΠΙ. 200.

0001110117. 406.

0000000 0000100,100010 0, 126.

0000000 01000000 17. 320. 3000000
2, 42.

00000οροο 1000000000 8, 40.

1100011000 m. fug, ordnung 0, 41. 0.
donn 00100 trinken 8, 24. 33.

00000001011000100 8, 09.

0000000116, 401.

0000010100 000110οο0 Ι. 211117. 693.

0000110101εο 0000100110 worden 8,
141. und.

beseggnn heroden 7, 61.

0001000011. 348. 17. 606.

00001100 part. 00000100 001001 ΠΙ.
306. .

0001101100 0000011000 11. 733. Brenn.
wb. 963.

besnemnchwnnz 0. 000000000001 Π.
771*. -010010000001101 ΙΠ. 104.

00010110 010000 lv. 499. 00 0001000

WORTERBUOH.

110000 0000100οο 0101000 Ι7. 696.

00010001 Π 690.

00010000 000110000 Π. 410.

0001000100 000100οο0 Ι. 273. ΙΠ. 410.

0001001100 Π. 00011

00000000 000 B. 116.

0000011000 000 11, 08.

0000000 1000100 machon 9, 101.

001010 Ι. 131 ὃ. 001000 ΙΠ. 60.

0010100 00000100 100. 22110124.1

beten m. 010 0100000 1, 40. betgen
n. 9, 00. 001]εο 0. 2, 217. 034

00100000 00100300 0, 6.

00100 000000 Ι. 61. Ῑ7. 10.

00100000 0000000001. 236.

beroien sik 0100 1001000, 38.

bewagen gowogon Ι7. 67.

00000 2, 200.

0000000 Π. 16.

0000000 sik 0100 00100100, 00010000
lv. 524. angl. went.

11001000 10 (100 0001 Π. 121. Ι7. 064

01 praep. 0. 001. 100. 27. 400.

01011101 001. Β. 114.

11101100 011100 1. 300. 00100 ΙΠ. 167.

bileggen (100 01011 componore 17.
691.

01110 1. 00110, 00000010 IV.. 678.

0100100 n. 110100 1000001000 0, 72.

1110000 1) adv. 1000011010 ῙΠ. 71.
van 010000 von innon ΠΙ. 391.
3, 34. 2) praep. 0. 000. 10000-
0010, 110 00010010 Π. 216.

010100 0. 001301000100 haar 0, 72.
vgl. upbisken 0010100000 Brun.
nb. Π. 30. Ι

biskop nn 0100001ΙΠ. 243. din.

biswilen 00001100 Π. 244. 4, 89.

01100 00111000 10 dat gras 0. 0001010.
1110 0100000 Β. 76. 00100010 0.
IV. 107.

0100501. 44311

1110010 00000000 01010 ΠΙ. 440. alth·
agn. 0110. din. angl.

0100 0. 01011 (000 baumes), 0100010001

 

