· 6661666666.

1661ιί6 66). 666116 4, 166.

11116116. reltet 111. 70.

66661 ιιι. 6666111. 684.

66661, 666616 666. 66611, 16166 17.
261. 666616 666666611666Π. 180.
11, 66. 6666166 1v. 696 6666-
1666 666. 6666111661282. 666.
6666166 666166661666. 6666113
8, 77.

nack m. Π. 430432 ΠΙ. 276. 492.
lv. 84

66666 ιι. von 66666 666 [66611666.
66666 666 36616666 1. 63. vgl.
mhd. 66.

6611 m. II. 872.

6616 t. 1) m, 66666. Π. 83. 262.
233. ΠΙ.69. 17. 218. 274 2) 66-
ken pl. testiculi IV· 187. vgl. 6166.

6661 ιιι. IV. 198.

66166 1. ,66666 ΙΠ. 409.

66116 f. Π. 672.

salven 6666116666 IV. 307.

6611666116. 6616661661 Ι. 894.

salvete 1. 66616116 2, 168.

66166166. 666166 IV. 662.

6661666666 m. 6666661631. 666.

6666616611661 6.1Π. 266.

summit 6. II. 436. 646. 683. 710.
ΠΙ 81. 369.

6616611166 (66616116) adj. Π 617.
662. ΠΙ. 96.

sap 6. 6611 17116. 1666. 661.

66116 m. Π1. 61*. 670.

66666613 16). 666161311. 884.

6666666616 1. 11 6346 ΠΙ. 49211

66666661 I. 6, 49.

6611666661 adj. IL 706.

666666 1. 1. 164. 11. 419. 17. 968.

666666666161 m. 66616 mr 616
6666666 Π. 406.

6666661666 1. IV. 1896

66116666 1. IL 660.

6666661661 ιιι. Π. 676.

66666 m. 6616661 11 299.

6616666166666 mit 66666 n. 66161-

661666 4,40. 9, 89.

6666666166 ιι. Π. 67*.

666616 m. 16161, 111666. 636. 666616.
61 scham 17. 168. 7611161161.
11616616 7. 6. v. 66611.

666616 adj. 66161 IV. 646.

6666116116 1. 61166 6661666166 6661,
61666666 IV. 309. 6666116166666
66166.

66661 ιιι. 1) 1116666166 17. 628. 2)
116666662, 104. 1

666661 66). 666161 17. 446. 8180.

666661666166 mit 1616666 661666
166666 6, 8. von scheefhacko.
11666626. schum 92.

666666666666166. aprus. 6661111143.

66661166 66661166 4, 66.

6666166166116. Π. 237. ΠΙ. 162. 6.
6161661161.

66661661 m. 2, 147. 203. 6, 96.

66666166 sik 180. verwegen Π.266.

6666611111 adj. IV. 29.

66666161 m. 6611161 1,,167.

66666666 6666616611. 7.

6666666 prtc. seharen 8, 181. 666
3661166 mit 66661 666. 61666
zum 66666 haben 6, 71. Bt.
66. 6116666166 6166 1611666666
angl. 1ο 66616 my. hetin 6666-
166 6, 27. hen scheren 8, 71.

66661616. 6661661Π. 464.

66661666 66611166 Β. 21.

6666166611661 m. 6666666666161161,
III· 221.

66661666111666111. B. 14.

6666161. 661111 4, 88. 6. 6661616.

6661611 m. 6166663,36616666,166666·
art, 16666 166. 86. 1808. 11. 481.
ΠΙ. 68. 61 dem 6661161666 nu·
666 3661111366 lnge 11661666 Π.
164. 66666166 IV. 461. 66166-
6. 6616666616118. 62.

66616166 sik (61) 1) pmcn, ango-
666666 6616 ΙΠ. 172. 1, 84. 6, 41.
2) 1166 1666666366 611166Π. 141.

 

