274

1v'. 3333.
33443333 m 1313313333 Β. 32. ’
3331333 3331333133 Ι. 2881.
3333 braun Ι7. 406. 8, 173.
313311. 1333111. 33. 3, 131. 13333
31313331, 32. 39. 3331. 33143
3131133111. 1331331117. 339. 3311.
1331113311.

1333133334 1. 2, 102.

3333333333 1. 1333313333 Π. 336.

3333133 113333 333133 Ι. 304. 3331.

buck 3333311. 871. Π. 361. lv. 430.
3131313 ΠΙ. 383. .

343133 1. 1333 Π. 336. ΠΙ. 101.

3344313 m. 1333333, popam 3, 133.

34431 m. 133331 Π. 300. 638. Ι7.

133133. bauer I. 133. 333. buren Ι. 293.
111333.

1331133113 1. IIL w.

3333333333 m. ΠΙ. 97.

333113331113313 8, 136.

341131 m. 1. 38.

3313 m. (buck) 33331148. 64.ΠΙ.346.

331331 adj. 3313333131 4. 1. 1131-
1133113 Ι. 276.

3313 1. 13313 Π. 730.

34133 1. 1313 welle 7, 30. 3331.
111133. , “

33113 m. 3313317. 188. 676.

3313311133 n. 33113, 102.

3311333 3311333 3,97. 101. 3,103.

hungo 1. 31333331 33434. 8, 10, 73.

33311333 3113 1, 33.

34333 1. 31313317. 234.

13313331 m. 4, 43. 3033333133] 3.
1131331.

3333333 3313333 Π. 98. 101. 117.

buten 333333 111. 70.

3333313133 m. 1333313133 ΙΙΙ. 447.

3133333333.

43311 m. dooht 31. 33313 Π. 322.

dael 313. 313133 17. 138. 443. 11
433 3333 1331 33333 zur 3313
33133, 31343133331113333313831.

sik 4331 333133 8, 27. 1334331

3144. , ·

4331 1. that in 433 4333 ro von 11.
487.

4334331 m. 13334131 17. 237.

13331113 1131131, jadon 133 Π. 22.
763. 1331113331. 283.

43133 m. 11313317. 138.

dame 1. 133. ΙΠ. 2161

dame 1. 133 133. 3331 ΙΠ. 1981.

damoiselle 1. II. 332.

43313 m. 1) 13 4331 zum 43311
79. 2) 3133 43311191. 31
33133131. 12. 3314.

4333 m. 133 d. 3, 1901

133333 Β. 40.

dapper 343. tapsar, 1431313173
Ι7. 382.

dar 313. 13 131. 11331431363134
dum. 30. 1313133313 Ἰ
3313333131 33 3311333313, 3. or·

4333333333 IV. 197.

43313333 gahn 13314331331313 Ι.
429.

darm 33. 3141333 138. 1133313)
Π. 138.

4313331131

43133431 313. 43333133, 33131311

131313 343. 13113131. 2ο.

133 prou. 33 13313 dut, 3331313131-
1131 IV· 195.

133 thu· 9, a 70.

1333333 3317. 117.

4331 m. 1131 Π. 390. 3313113333
3, 1111.

0 3. 3333311. deeg m. 13131. 162.

dach m. 1336, 69. 333 1331133333, 4331 3. 433 then 31333 333133 IV·
summanum. 331333, 311- 482.
rond 11333 131333 7, 76. min 1333 43313 1. 11313133343331618119.

8, 123 43333133. 1133331. 121· u 145·

 

