555 5551555555.

115151 55155 1151551 55515155 1. 5111 15155555555 augon 8,186.

218. 1551551 11. 788. 1551555551
11555151615555 1. 11. 5018 5. 11. 441*.

1155111511 11551111 6, 20. cojon m. 115. 55155 111. 189888.
1151551117. 11515 I. 79. 1515.155111.88.111.2946.
11555111561. 5511, 5515115511. nik 15151.11515111.229.805.

11. 5555555 l. 239. 15155 5. 155155 8, 6.

115155 1151155 111. 442. 1515 11. 522. 557. 1511 9, 44. de
11551555 11515555, 5511555551. 11. 1515 11, 60. ’
1155555515. 11. 725. 16155 1511155111. 149.

Ι11151511 511155111515515 2, 162. 1515111555 15. 111. 221*-

1115 1 11515, 151151 1. 158. 1551 m. 111. 807.

111551151551 1. 199*. 161151 m. 1511518, 118

1115555 1. 189. 55161 1. 115. 5551551 111. 890. 551551
1115115551511551515151111.451. 8,17.

1115511. 5285. Bt. 5. 11. 791. 5555515 1. 5. speleu 11. 4.
51151551 5. 2, 80. 55555555155 2, 86 s
11555551155155. 5515515151) 11. 1515555 15. 555555 11. 557.

11. 185. 555555151111. 8121 ,
11551511551551. 55555 ΙΙ. 601. 5555155551 5.- 1. 2648 111. 288.
1151155 sik 5151 115555 (e. 515111) 5115555552177.

lV. 21. 1 55551555515511,-551. 1555855565-
115515511111555555555111155 1,114. 1555 1. 195. 291.

- 115151555181115555155115515. 15555151515555555518. 51151. 1
B. 98. , 155 8, 88. 8,18. 155115 8, 9. ’
11551515511 r. Β. 581. 15515558. 88. 1115155111 lV. 472.
115155 1515551155555 B. 70. Gonjoli: 51555515 C. 1. 271. 555551.

155155 mem 5, 55. konstantinken 2, 678

15555 m. 5555551155 var meister kop m. kept 11. 155. 15555. 11·
55551 1555111515 5151551 odet 1555 15. 8, 40*. 1555151555 8
1555111. 178. 68.

1555551. 162. 16555 155155 IV. 64.

1555 5. 1.45*. 11148. (1511115555 15551515. 111. 451.

1555 lV. m. 15551555 m. 1. 98. 17. 167.
15555 5. 151115 2, 65. 1555515. 1551512, 55.
15515115555.51.155551551511.281*. 1555515 adj. 11. 885.
1515551551155, 1551551111. 166. 1555555551 5155151515151 11.
1555 m. 155512, 52. . 884. ’ ⁴
1551155 555555515515517587. 5555555115 m. 111. 881*.
,15555515 pl. 11. 646*. 2, 64. 8, 81. coquin frz. 111. 888.
155555151555 m. oinrassung 155 15155 n. 1515 IV. 167.

5511555 111. 871. , 55155115 11, 87*.
155555155111111.1515151558148. 561551 m. 1. 297.

15511551 5. 1551115551 lv. 424. 15115111. 1515. 1. 5515551 111. 857.
15 1. 1511. 450. 51155515 15151 15 151155 15 1515515 11288

 

