· 1111111111011111101011. 255

1011010010 10110 (huppen) 110 1011001120101101001000011111011010010
1111001010 101 111110 1111011111 werden.

186. 1011111110 dele». 00101 001 1011101 1011011110, dem 1110111010
mallen 110100001011101011, 1110111101 1101 10110 111011111101.

100. 01000110. »Ee 001101 11 0011 010101, 0111101 zu 011101 11111011
0001 1101110110 11011110111111211111111011 1011 und 101010011 werden«.

202. David 1111 001 mmm, 001 1110111010 mit 1011011 11101011 (1.
10011011101619. 1118 1110116), 1111111110 101 00111100111001011110101.

237. 11011 01010110010111111111011011011101011011011111111111111010011
11111110,1010111101 1011101 1111101 1111111 01101101 nieht 1111111ὼο1101.

288. 10 leem 100011. 101101011011110, 1011001101111200101
0011101101 110110 1110 1. 214 1011101011 00111. 1101111 s. 1. 1110101.

m
von 1011 10111001 010001 1001111111 1. 0101 1. 201. nro 2 ’

11. 1111 001. 110111 oben 11 111. 11. 786.

10. trium 110100111οο von 011010011101 11110.

22 001011 de 110001, 0011011 0011110, 10101110110111111110111110. .
de 11001010, 01101011011011110 010110101οο 11110, von 100111, 10111·
reich 11 (1011101, wo 011 0111110110 0101011110111

81. 0100 011110 hier 11011 010 10 1011111101 01111010101 0111111·
100101 11 1101101011 111101 und 11011011 10110111, 00110011 001 01011, wie
0011111011 11010010101111 1. 1618 (1110011011 11 zeitschrift 1111 11111011.
geschichte 11. 11. 11110.) 010101 1100 11010101 10101111, 111. 010110,
101110 0101, eine 011 101111, 01010110 1111101001· 0001 0010111111, 001
01101111 111 1111 0001111111, 0001 101001 1011011011 0101010. Die
1111101001 010101 110001 werde 1111 auderem 1101001111αο yon 0011 101-
1110101ου 1110000110οω 0101 {lemburg gebracht, wo 010 0101110101

echon 1618 0110101110 0001 1111110 1011011101. 1629 11100101 1101111001 · ’

0111111011 1010101 eine i. j. 1818 vom 101110 1011011110 110001101111
01001101011111101011 010011 wir 01101111 1600 010 1101010010, welche
011011 101101111101 1101111 0001 11111101 1111101101, 10 wie 0101011 1601
nit 1011101011 zu einer 1100011011111010111011000110100010111101, 00101
11111011 in 011011 zu 1111111111, 1010011, 1011011111 und in Westlelen 1101

1110101101 101010110110110 11111111000111010110, 0110 elle 11οἰ1 -

1101101101111,1011110 1111111111110001101110100101011101 010 anderen
100101101 101111101 11000 1111111111 seltener 1011111011 zu 1011, 1001101
manche 100ὶο110101 11101 101101 1010011111 111001. Die 0100111110
witker 110 sammtmecher 1010111101 sich 1701 durch einen 1011101011εο
einer 111001101111, 11 welche 1701 1001 010 10011101011011010111001
werden. 8011 1804111 01010 11000110101111101110111101.

30. achior, ein 10010110101101, 111101 und 0110111010101 111111101-
1101, welches 1101 0111 01011 um 00111101010110111101101 010111
1011111011. brem wtb. 1110101 M· 0.

 

