1111111111.

1111111 l. 217.

1111111111 6, 2.

161111 111. 1111111111 11539.

111111111111111. 11111111123.
104. 6,128. in k. 1111111111
1120.

1111 f. 1111111. 247.

161111. 11111111 111. 874. 1V. 262.
1, 114. 122. 11111111111111
2. 1111111111 f. 8, 66. 11111-
11111 1. 11111111111111 1, 22.
30. ,1611111111 1, 2. 111111-
111 3, 58. 8,19 ,1611111111 1,
149.

11111111 1. 28. 249.

161111 11. kuster lv, 366. 3, 61.

1111111111 1266291. lv. 647.

11111111 9, 98.

11111111 111490.

lunge m. 1. 461. 111. 369. 11111, 1111
9, 69.

¹ krajen 3, ⁸1⁴⁵.

krambodet. 11. 101. 111111 1.
11. 661. 1111111111111, 1111-
11111111111 1194. 1111111111
11657. 1111111111 1. 1111. pl.
1111111111 Β. 94.

11111 111. l. 450.

1111111. 1, 8. 3, 98. 4,110. 8,
66. 91.

11111 1. mk 6, 100,

11111 111111 lV. 420.

1111111. 11111 (111 1111111111) 11.
275. 11111111111111.

11115 1. 111317. 1111113111 1.
8, 79. 11111111 1 117.

111311 11111111 1. 909. 1111111111
11. 126. eine 1111111. 17.
286. 111111 11. einen rink 11
finger 11 don 1111111111
1111111112, 214

11111 1. hug, 1111111111 lv, 328.

1111111. 1111111111 lV. 324¹.

krogfledler 1. 1111111111 111448.

111111 1111111, 1111111 11. 306.

287

1111118191) 11111 1.191*. 2) 1111- ι

111111112, 167. Ι
1111111111, mugen 11111111 l.
325. 5, 92.
116111 11. 1111111 5, 94. 10, 27.
1111111111. 1111111 6, 55.
116111111.111.1ο1 1111111111 Β.
68. 111. 11111.
11111 1. 11111 1,100.107.210,

,11111 ,1. 1111 1121186.

1111111111111. 1111111111 6, 46.

111111. 349. Α

1111111111 1111111111. 538.

111111 kriechen 1. 161. 326. 11.
448 ὃ. .

11111 adj. 11568. 608. de kop
werd mi 11111 ich 1111111111-
1111111111311111 lv. 339. 111111
1117, 32.

111111. (111 111111) IV. 179.

1111111 m. cuculus. de k. schal
11111111 spriehw. 11. 316.

11111 1. 11111111 l. 336. 8, 133.

11111 111111 11, 56.

11111. 111113, 186.

111111111124. 111267 ὃ.

“ humpen 1. campan, 1111111111

cur r. lV. 518. 1111111 111. 401.

11111111. 11. 603.

1111111111. 2, 82.

11111 f. 1111111111. 181.

1111111111 11]. Ι. 64.

11111, dicke panze 1. 1111 1111111111

111111. 1111 111. ,83 ὃ.

1111111111 1. 1111111114, 38.

111111111111111 111. 114. ,

111111111111111 plur. 11. 761.

1111111111) f. 1111111111 lV. 679.

langen 1111111 IV. 303. daran 111-
gen 111 11111111111111111111
1101142.

lange praep. 1. 111. 11111, 1111111

 

