280

35155511 1. 2721.

3551155 5511155 511555 5515155,
15155155 5, 95.

goje 51]. 351 1,127.199. 3,133.

31111515 3551515, 5515155 Π. 172.

31151155515 1. ΠΙ. 132*.

355 1. 11515551151Π. 11.

335 f. 3115553. 15 5551515 3. hebben
115 51511135 1555151551511, 551
15155 11, 32.

355151 m. 355151 Π. 68.

355351515515 1. 5515551515 115 355351
IV. 585. 5551515515 511515 15155151
355351. 5. 55115551. 51555. 107.

355 1. 3555 H. 332. ·-

3551 51]. 15555 151. 23. 15531151
Ι7. 295. 3515 wil 3515, 15535

· 5511 Β. 20. 3551 dohn 553555155
5515 Π.180. 153515 1151155

“ 555155155 Π. 271. ΙΠ.375.

051 (1511151. 26. 33. 851155 551-
515311. 50. Gades moder 11.
228. (1515551551 IV. 614 (151155
55551 649. 6511515511 ΙΠ.213.

35153511 5. 19511

35155 m. Π. 66411.

3551511515 1551515 3, 138.

grammatica 1. ΙΠ. 254.

355555 m. 515555551153511. 304.

3555 5. 1353. IV. 661.

355115 1. ΠΙ. 433.

grave m. 3551 ΠΙ. 429.-

35551 adj. 3555 Ι. 309. Π. 398. ΠΙ.
205. 115 35555 tyd, 115 155115,
55115 55116, 99.

3555555 511ΠΙ. 163.

35555 1. 3555555, 55155155 Π. 478.

35555111 adj. Π, 469.

351555 lachen 11. 10.

351555 3551155Π.157. 165. einander

, up de huet (1551) 351555 5151
55 1511535155 IV. 688.

gris m. 35515 Ι. 353.

3551 511. 3551, 5551 IV. 604. 1551
Β. 55 35555 55555 8, 52.

5155555555.

355115111. IV. 648.

3515 51]. 1153.

355555 v. 351555.

35551 35511513. IV. 48. 447.

3551555155 1. 3551551155 17. 462.

355155 5. 3511155 IV. 694. ,

355513155113 adj. ΠΙ. 23311 17. 205.
225.

3555155155 m. 3551551517. 556.

3551555 1. IV. 74. wohl = 3515555 “
(5151515555 5111555555, 5511155
mit 5551155 55515511), 351511153,
1555 351115 (555515) 115555. wb-
542.

35111, 351115 1. 351155 ΙΠ. 307. 17. 64.

35555155. 355555 Π. 478.

3555555151. 355555 vor 1242.

ΙΙ. 206. 302. 469. ΠΙ. 494.
35555111 adj. ΙΠ. 489. 8,114.
311155 5115555555 11. 33. ΠΙ.400.
315555 355555 Π. 490. 55155555.

5. 515 11, 82. »
355511. 15555, 355115 Π. 571. ΙΠ.“

mmmfflmwm

5511 551551515 Ι. 22.

3155113 51]. 351113 17. 317.
habit 5. 11511553 Ι. 185. Π. 23141.

ΙΠ. 24. 93.
hachen m. 51. 8,5 1155 5511115155-

555, 51511 115115155.

15355 1515355 4, 83.. 5, 45.
1515515155 ΙΠ. 84. 17612. 11555

15 1551511517. 76*.

1511 adj. 1511. 1511 und 1551 17.

308. 481.

15113515151 m. 17. 402.
1551155151 11. 63.

hals m. collum Π. 82.
1515155355) m. 11. 626.
151515155 5. 15151551 Ι7. 283.
1515515 m. 8, 145. 51151551.
15155 111515 2, 52.

155151 m. 1. 100. Ι7. 246.
1551511515 5551551515 lv. 651.
15515515 1. 1551551551 Π. 763.

 

