230 LESARTEN UND ANMERKUNGEN.

1611 die 6616166 166116666666161166666 611 16111 166611166166161666·
vegs 6616661161 6161.

256. 1661166111, 1616116 1116166166 11661.

256. dame, das lat. 16166, 161666111616166 nicht genna 66166116-
66616111616611661, vom 1161161616 66666 (wilde 1696) 1616111.

266. van 1161 6616616666 661611 6. oben 161. 90.

276. 1166116666 zu 11. 171. 1166166666. zu 1112.

271. 16161611 6. 6166 zu 1. 101.

266. up 616616 16666 aus 61666 66116666,

366. Ein 66661116666166616116161, 6611116166 616161116166 616-
1661161616.

615916 6116 dama tbfden 161661 66116166, 16661166.

319. par 166161. 81661161110681 Der 16611666 1166 66166161
61616666616116116111616166, etwas mit 61666 1616161611, 6161111611
” 6161661613661661 616111661111666, 6616666 36616161 616 66161, 616
par ma foi, oder par 11166 darbey 6666

312. in 616 166616 6. zu 11. 666.

325. pota 161166, 1666161. 161161, 16166116, 616 1116166161 61166161
611 166 66166116, Patron gegen pest und epilepsia, 161166 1616161
141611. 16161166 6111. Agricola sprichw. 6111611 66161 616 660 16 einer
note »16116616 sucht« 666 16166116. 1161616661 116 St„ 1611166 161161,
welche zu gabon 66 661666 611616 6666616, 66 166 geber 6666111616
1611161116 1666161666. 6 116 1161661661 6166166116.

331. 61161 01111811111161, 1166161 von 16361611, 6616666661 66661
6666616611; 616 616616166 11161 61 einen 1166116161 1661. 6611616.
den 011116 661661 (6616166) 16616166, 6161 611166166. 1661666111.

’ , 686. 1161616161 de 11661166. 1166 namen Houdan 1111616166 116166
6161116 department 1666166-0166 16 1616116166 Ρ6116; 66 6616111
616 1166666166166 1111616161 zu sein. Dedekind 16661111 6161661 61161
stello: »du koch 666 Η6ι1166 666161 als: du 6616116616.

336 11166666,166111.1166661161611616611661611611666616611666161. '

339. 661666 16116 auso 6666161666 pferd, 11666116 611616 wieder
11166166 6661, 6616161 IV 405 6161161 6111. 161166111666166 heisst
11666 6661611661 61661161616, 61666161. Man 6116116 611 11666 art
166661661616166666116166, 16661666, 66 1116 qua} 661166 6616611·
1661161166 1661611366161166 zu vermehren‚ kanonenkugeln 6611611111

1161. mahelet, 1161166. 11. 6666161611661666111611661116111161111
ΠΙ. 52, z. j. 1627.
,, 646. mama 611666666666666666, »6616611
61611 6166116116616666.
346. 0161666, 6161611616 616 116166 ΠΙ. 74, 1666166 861661661111·
166 616. 666166. 1661661611 6611611611 1666166 66611111116116111 l. .
161. 0666661666, 166 116. 66666661 6., 616 1166161666 61611116111
1611111,1661,166661 11661161611611616 1616616166 6616116611 ,
662. 6116661611 166 fra 6161661161 1611116166, 16661166. f

 

