212 LESARTEN UND ANMERKUNGEN.

414. 135. vel 11. 137. vorv. 1.1*. 2. 111 11111111 X 4 138111111111114.

9. 143 jeder 1. a. 14611111*Ι 150. em 4. 111 114. 15], 111111,
155. 81111111 l. 159. 1111111 1111111 1.1⁸. Lfischen 11111112, lnsken
⁴ 11111114. 16181111111111111121311111511 1111111511· 11131111]
11 lesen. 165. 8111111112. 166. Schmidt 2. 811111111112. 167. ge·

noshsahm 4. schwarten 2. 173. Werlt 4. 175. Datum. 176. 11111111.
ss. 179. 1111114. 180. find 4. Werlt 4. 182. 8111111112. 183.

van (1112. 4. Β’1191111911 4· 184. 1111111114θηῖ. 11311118 1901111111
19110111114. 194. 0111111111 1. 1*. 2. 1971111111114. 1913111111
4. 2051111114. 210. eindrechtiglyck 4. 210. 1111111111 2. 213. 11611111 2.

216. 81111111 1*. 2. 4. .
11. 218. ’1111811118 4. 221. Werlt 4· 224· mocht 4· 228. schwarem

2, 4, 233113811114· 234. bide 4. 237. 11111 1. a. 2411011111111.
1*. 2, 242. 111111 1111111111 11111111 2. 247. (1111111 1*. 4. 14111-
geschaken 1. 25111311111134.

12. 258. kunst 1. a. 232. ootenantz 4. 266. 11111111 1112111-
105114. 267. hogen (1.1. 26811112. 1111111114. 269. (11111114. 11114.
271. Mandame 2. 272. bingen 4. 280. 1111111111 1*. 290. 11111111 2.
291. pflegen 1*.4.1111111111. 1.

13295 1111111112. 297. 1311111111 298.11(11111*. 2991112.
in 1*. 4. 301. geleer 1*. 302.11111*.4. 304. 81112. 307. 1111111114.
310. 1014 314. 111111. a. 313. 110 111111. 313. 1111111. 111.
111111. 321. 1111 a. a. 3261111111 1. 1. 3301111111 1. 1

14. 333. Ν11111*. 339. wunderlyke 4. 342. 111111 4. 350. 11111114. 355.
81111101141111 4. 356. (11131114. 359.1111111111111.1*. 3621111111
l. 2. 364. word 4. gebrendt4. 365. 01114. 367. 81111112. 368. 111112·

15. 374. 111111 4. 377. 8111111111 1*. 8111111111112. 8111114·
111114. 378. Η111 1. 2. 379. 1611114. 380. 116111 1*. 4. - 383. fied
ik a. 1. 386. 1111111111 4 389. ydt weht 4. 390 1131} a. 1. 191·
11111111 1. 1. 11111114. 393. 81111112. 3941111111 11. 395. Ge*
11111 1. 2. 8111611 1*. 4. 398. 1111111 1*. 4. 39915114. 400. 111111
1. 1. 401. 1111111114. als yck wol heb 11111111. 406. Ε1Ρ1114.

11111. 11111311 411. eene 1*. 1111. ewigwahnde 11111.
een 4. 418. w3rd 4111 11111. 10. 14. 419. 113110 4. 410. 361414·
424. up den kop 4. 1111115111112. 42511111111161111111111·
426. Ρ1111111111114. 429. 1111111111 1. 1*. 2. 11111111 11114. 111-
111111. 4334111111 2 unn 1. 1111111111 1. 433. 3131oe 114.

4431311114. 4441511114.
17. 450. 1111111111 2. 451. 151114. 452. 15111114. 4531111111

1. a. 454. dar 1111111114. 456. 11111112.

ANMERKUNGEN.
Dem 11111.

11, 11111111 vitia, 11111111118. 1115 11111. 11111111·
111111111 in 1111111111 vor 11. 11. 1. A la 11111 1111111.

 

