554 ’55555555 555 5555555555,

69. 560. ’555 34 5551516168. 1014. 115555535551553Ι 5515511.
3. 4. 563. 555655 1*. 563. neck 3.· 565. 6156515511 566. 1151555 3.
569. 15551555555555511515553.· 570. schin· 4. 571. Τ5 555611. 173.
15151616 3. 573. 5555555516 574. Β551155155555 1*. 3. 4. 580 555555
1.· 3. 531. 1555555 3. 4. 533. 55555555( 3. 4.Ι 533. 35555165 1*. 3. 4.
585. Diem 5551551616 3. 4. 536. De eine 156 565 51555 5515515511.
De 5155 556 565 515555 551555 1565 3. 4.

De 515515 565 51555 151555 1565

De 5555515556 51556 5551 655 mate.
810. 14. 537. 5555555516 1*. 3. 4. 533. 55655 5. 5. 5891155516
591. 355555555555 1*. 3. 4. 593. 55515 1*. 3. 4. 555555555156 5555555
555)1*. 594. 5551516 3. 4. 5555115156 3. 55555555 3. 535. 5511.
55 3. 4. 596. 1155155516 1*. 4. 5515155516 81014.

70. 5935611155 a. 5. 1155551634. 600. 15555 1¹¹¹. 3. jeder4
606. 35555513. 610. Book 16616111. 3. 4. 611. unsel.1*.3.4. 6161155-
5555555155 3. 55555551561134 617. 1151555511 3. 4. 619. 65515111
1*. 3. 4, 637.1555655515555161*.3.·4. 330. 1555155 3. 631. 6555566556
4. 634. 565515 3. 551 1*. 3. 4.

71. 638. 1155515 3. 4. 639. 1556 1. 3. 1555 3. 640 5555555553.
64355151355114. 5551555 3. 643. (1555515111551516 3. 646. gy 5155611.
3. 4. 647. 5556551 1. 3. 3. 4. 5516655111 6511. 5555 4. 5655511551111.
5655611515553. 4. 6511115555 1*. 3. 4. 655. 15 555 Sin 1.1*. 3. 656
5615556 fehlt 3. 4. 3. 13 14. 55153. 658. Alae 1*. 3. 4. 659. 3115551134
111155 31014. 660. 5555555111. 55555 1*. 3. 4. 665 5516 fehlt 1. 3. 4.
636. 55155513 670. 55 1516163. 4. 155555 3. 4. 671. 55556 11134.

73. 673. 555 555 5555116 3. 555 555 555155 3. 555 555 5555554.
565 555 5. 5. 674. 515 Jope 1*. 3. 4. 617. 131155 6. 70. 1111115514.
630. 55556 3. 55515516 1*. 34. 155555 5. 5 Pavent 555 51556 810.
· 10-14, 631. 15 655 (55515551134 633 1)55551*.3.4. 6341555554.
51556 1*. 4. 5155 3. 635 51556 3. 3. 4. 55555554 5556555616 3. 331-
565516 690. 556 55155 3. 5565515554. 691. 155 3. 4. 155556 3. 634
555515555655555 1*. 3. 4 31014.

ANMERKUNGEN. SCHERZGEDICHT IV.

1155 515565 55555551556 156 555565565555 55555 (115 55551155 mitte
555 5556511655 5555 doeh 55551655 551555555165-5555155 5551515656, 551556
lauremberg auch 15 551555 Satyra 55 516655 555555555516 1156 315 hatte
555515 555 55555655 grad 55551556. 15 555555555655155555555565 w
5151516 555 5515155655553 555 5555551555 jener 551 515 516511516 555 nug&
sangenon personen 5555555655 carmina ausgekommen, 5555 finden sich
15 jener 5516 5551565151555515 einer 5555515556 5151155555, 555 555
5555 5551151555 5ο 5555 bei 555 burgen andem deutschen, 5555561165 def
mit 551555161655 5555555555 561565. 315 5115555 5155 5555555516 551555
15515 555 5555 555155555555 555 5515515557 551555 555 156515155555
5555555 51556 ganz 55155515· (55555, 55555 5551 5115551535 5555515 911111τ

 

