288

IV. 318.
lapin (11111.) 1. 26311
lappe 11 1111111 111389. 1141111-
111 1. (111111.Β.57. .
lappen flickon. den 111 1. (111 kept
11111111111115, 90. ‚
1111111111. 111114, 56.
lappisch 18]. 111. 569. 1111111546.
1111111 11111111 111. 2.
1111111116, 83. 95.
laten 11811. 111 leben l. 1. 39.
1111111111. 1. gahn. wo wolde
1111 laten? 1111111111 (111111-
1111111 11. 259. 2, 56.
11111, 1. 11111 111. 220. up 1. 111.
261. - ·
1111 11.111111111111.563. “
laven 1) lobon, 1118111 117211.
2) 311111118189. 81111111 1124.
1111101111111111 11. 256.
1111111111 111111. 21.
11111161111 m. 1111111811 1283.
11111118. 50.
lection 1. 2, 284.
11111111 1111111111. 48.
ledig (ledg) 111). 1111 1. 68.
11111 1111111. 1111111 dolere 1.
4411117416.
11111 1. 1118 5, 42. 122. 1111111111
1118571
1111111 1111, 11111. 1111611 11.
294. 1111 1. 26. 50. 54. comp.
11111 11280. 1111111 11111-
11111 1, 69. 1111111 adv. 1111111111
11. 461. 1111111. 111111 l, 84.
leeg 111. 1111111111 5, 122.
legen lngen 1. 376 ὃ. 8111111. 1111111
13881. (11111161611111116311
137911
leggen legen. 1. 1111111111. 111. 482.
111111. leden 2, 222.
1111111111111. 1111111111111 1. 20.
1111111 1 1111 11111.
1111111 1111111 1. 800.
111111. 111111 111. 441.

WORTERBUGH.

lende 1. lV. 72. 11, 60.

11111111. lingon-71· 1

11111. 1111111. 276. - 1

11111 1) 1111111 o. 111. 1. (1111111.
1821. lv, 220. 2) 1111111134.
206. 301. 111. 437. 452. 459. 2,
73. 811. · ι

1111111. 1) 1111111111.562. 2) 111111
2, 5855. 11). 1111 11111 1,.200.

111111 11. Inh. 29. 1. 89. 48. 67.
11120. ”

1111111311). 1384. , 2

1111111. 111111 111490. IV. 149.

1111111111 1. B. 56.

leviten, 11111 (111. 111111169.

1111111 (11111.) 1. 2681.

111 1. 1111111111. 402.

liberie 1. 1111111111 Β. 128.

1111161111 1ο Hamborg 111. 4791

111111 1. dat 1111111111 1111111111 Ι
11111111 lv, 892.

lichtferdig 111). 11111111111111011.

lichtlik 1111. 1111111 186811.

1111111111118, 110. 11 subtil (11111),
111 1111 (11111111 11 (11111111)
hedd’ 1111111111. 430.

111111 111. 111111 dul 111. 151. 11111
111 1111111112, 88.

161111111111. 11632. ,

liert. 11111111. 460. · 1

111 1. 1111) 1. 240 6. 11111177.

ligate 111. 61. 11111.

liggen 111111 6, 40.

111 111). 1111111, 1811, gundo, (111
1111111 was 111111171111441.
8, 55. 111111111111295. doch
liker geru 111111111118, 124.

like-adv. gleioh 111468. ·

111111111111111111113, 109. ·

111 11. 1111111111 IV. 288.

11111 (dan.) adj. 1112281. 111. 184.

linwand 1. 11. 626.

11111 1111 11111111 1111111111, 11111111-
1112, 41.

1111111858.

 

