2⁷0

1101011111, 101011 1011111001, 64.

1101011115 nu ingeburg, 1011 inwo-
101110 11111111 11-11. 1011110611οι
1010111 1648, 111.

110110011010 mit 111101 datin 11130·
1110111011 11111011 113.

1111011111, burg 11111 11111 141.

11111013,0110101, 16. 11. 103.

1010111111. 1110111101 0111111101 117.
hiiohemmmlungen 11101111 111.

1111111101, 13111111 1., 10.

. 81011110. 11011011 Friedrich 1. 11. 18.

40. 115. 101. 101. 11110111 ring
114. 101110 101101111101118. 110111
10. 17. 11. 10. 114. 131. 1101111111
1111111114. ’

80101101 1011 1011001101811, 1111.
83.

1010101010101101114.1111111110-
mung (1013111011 116. 1111111111,
grifin, 11011111 1011111111, und 10-
101 11101101, 0111 3010111101 116
1111161101. 1011101111011 118. 116.
Giinther 143. eine grifin, gehorne
10110ςὶ11 1011 01010, 10111111 111.
1111 eine gnte 1111101111 141.

8111111011οῃ, 11111. 1011,0111 10111
101116.

60110100, 1111001111 ron, 10. 11. 11.

80110011, 11111101, 86.

8011101101, 0110, 6.

Seli, Phil. 0111 0111110111 1. 1. 14. 111.
116. 141. (1111111111, 118. 111.)
1101111300, 00111. 1111011011, 41. 66.

8111011011110110 1101 pinninger 114.

Simon von 1101111101, 10111111 101,

01111101011 10111101 116. 151.
1011003111οο. 1111111 11. 1111111.
11011111161. 1101111111 11. 11.

spinet 0111 deutsche 41.

sturm, 110, 171.

11010111. 111. 140. 0111000110 1011
11116011 103110131 181.

- 1110111ρο 101.·

1100110101, Vitat, 0111101 m 111111-

10131. 1111101. 11111111 (1641)
148.

11101, 0111110101101111011111111. von
neuburg) 6. 11. 86. 116.

1111011001, 01111111111010110111011-
1013 106. 101.

’1111001001110101111 1. 01101 156.

101111, 116113 101, 10 10811013 14.
11.

’11111011 101. 184. 185. ¹

1111011 17. 111. 111.

11011111, 101., 161.

10111013, Velberg 111. 1111111 von, 161.

101100 bringeri 88.

Vbnt, 11111 6. 146 (101 1011111· 1111
110101101111011011 1011110110113011).
Vigliur, 10101010111. 11. 18. 108.

111. 114. 131. 141. 111. 118.

1010110130, 801111, 11.

101011111000018, 1.

11111001, grai 1101111 0111101110 gn-
11111111 1011111011, aeine 111101 Ρ11-
lipp 001 J 01111, 3111110001, fast
101 jeder 10110. Heinrich, 1111111 6.

weingarten, 111101, 10.

1011001011, 111111108. 101.

110110131, Wolf von, 11.

11011, brand 11001111 111.

1101111010, 3111101111.

110110 1001011110 67.

1110011111, (10011, 18.

111101011101,1100111., 10. 11.

wilhelm, 10010111101 01110010οΝ1εέ
11014.

wittenburg, 1011110111111111 41. 001-
11101 11101111 61.

Wintenhorg, 1111101 von, 11. 11. 18.
christoph 100 wittenburg 0111
hiiimpelgnrd 171. 111.

111110011011, grai 1111101111 tii. 16. ,
11. 161.

11111101, 11101, 10111 garten 101. 111.

11010011101111, Herm. von, 6.

10111011,111.1.,1. 11. 14. 11. 1011.
48 und 11101. 11101, 11111111 11.

 

