5555555555.

5555 551. 5511 152.

55515. 15155 111. 259. l, 62. 55511
55555155 Ι. 57.

555151. dim· 11, 55. 55155 17. ¹

292. Π. 149. 447. 454.

551153 555. 5111 5551555, vomam,
11511 11, 21. goth. 55555.

5535115555551511, 15 degeo Π. 2091.
17. 79. 7, 2.

degon ιι. 551 555 5. 55555, τοι 515
ningo, 55151 555 51551 15515155,
PM moun 1. 994.

55155515. Π. 691. Π1400.

5515551355 11. 697.

555 5555 1796. 479 5.

55555115, 5 5. 7, 71.

55155 1. ιιι 55515.

desem 5. 11 446*. 5555511555 5.
114461 17 . 959.

5555155 55555155. 15 1111555 1. 99 5.

5555115 1. 5155155 9, 209.

dovor tn. devoir 11 194.

55355551. 5511, 55110917. 74.

5151115 555. 1555115, 551115, 5551 lI-
18. 174

51551555 5515555 5. vm 155555
17. 244.

5151 55555155 9, 59.

51555115551794591555·
555 ΠΙ. 26. 555. 51555115.

11515 11555 2,169. 199 5

5115555555 17. 96. 5155555 11. 529.
17. 999. 699. .

51555555 5 17. 440.

5555 5551. 155. 99.

55551551. plur. 55551555 11. 907.

555 5. 155 17. 529.

5555 mortun· 17. 247.

55511 51555 plut. 551511. 161.

55551 ιι. du 1555 155. 7.

augon m1w2.1v.117.a⁶1.4;5.

5535111555551719. ιιι. 55555.

5555 11155. 1) prun. 55 17. 551. '8¹-
555. 2) 55151 1 109. . 91 5511

275

11, 65. praet. 5555. 555555 155.
42. 55155155555515555 Β.
27. up 15515 5555 1. 192,
51555 555555 1105, sprung
55551914. 115115. 5551555155
1445. 555515.Π.190.11,65.
55 vol 5. ιο toallis 5515 1, 92.
5551 5555 vob] 1555, 55555555
5. 11190. wat 5155 5. 9, 911.
51155155 5555551159. mahen
5. 17. 199. .

555ι 5. 55515551. 99.

555151, 5551515 555. ΙΠ. 197. 199.

5555555575. 5555555551 11. 619. ὶ

donjon 5. tn. 1515555155 Π. 579.

505551. (51. 551555, 5515515) 5511-
115555 555551, 5151551555 9176.
1115555 5. 97. 91. 51195.

5551 1555 7, 41.

dop 5. 55115, 5151555515 1. 996. 5,
91.

55555 1551551. 442.

551 1. 1551 1.99.17.171.

dorm. 5551551111. 999.

55155111. 155. 19. Π. 19 5.

⁴(lorch 6519, 9511. 55155 55511 11.

747.

5515551155 5555551155 17. 52.
5515555155 5. 555. 5555555555 1.
929.

55155555 5551511515 11. 694.
5515515155 Ι. 972. “
5515555155 1. 49.

’ 55555ρί5555 111. 412.

5555555155 5555555555 11. 564.

551155 55555 17 . 945. 1) ik 55155
11790. 9)ι151112,141.160.

551155 551. 1. 179.

dorp 5. 551117. 966, 446. B. 51.

55155- u. 5555155151 wie 55 55-
5555055 515511 5. 555515 B. 52.

551555555155 5. 5515555515 17.
101.

dunch ιι. 55 551155, 551155, Ι515

19*

 

