294 5551515555.

5151115156. 5515115 51. m. 3391. plus m. 51155511645.

philosophy 1. 1. 6. ’ 5551115 pl. 11. 752.
51111 5. 5555 1,145. 5111551151. 55115551 5. podagra 11. 325.
2, 1201. 5551 15. 5551 1. 375. 17. 54 5.
51115 1. 5115151943948. 5511115511 adj. 17. 939.
5111 51. 5515 2, 59. 55151.5111511.70. 55111511511151
51555155 51. 111. 108. 5, 56.
5151551511 m. 1, 1661. 5511115 55115155 11. 411.
5155 1. 515115. 55 5551551151 5. 1155· 55115155 adj. 17. 96.
155 111. 239. 555151111. 119. 1111511511.
51555 1) von 1155 5555515 3, 33. 55551551551551115555115155511155
2) 1115155 1, 67. 9, 42. 7, 5. 3) 11. 379.
1155555, 1551555 5, 110. 8, 199. 5511555151. 515115514, 80.
15515155 9, 53. 5551111551 5. 2, 1771,
piper m. 5151151 5, 57. 55511. 55 655511151511111111
51515 1. 51151 11. 733. 151115 5. 551 1511511511 155555 151155 17.
hammus 11. 592. 557. 3681. 551 551151 apostolorum 1
515555 2, 30. 555115155515.
515555 11. 326. 17. 317. 5511511. 555115111. 614.
5111511 5. Β. 55. 5151551551 111. 306. 17. 635. 1, 185.
5155155555] nh 5555515513, 175. ’ 551155 1. 115. suppo m. 335.
5155155 plantare 11, 74. 551151 m. 155151. 5515115 1511511
5155151 ιι. 51155151 9, 142. 5515155 51 der 15155 3, 54.
51511115551552,133. 5511 inhers. 5511 711115 wanden
5151151515 17. 675. 1111555. “ 111. 3951. 5511511111 5, 231. 5511
511555 mit 15115. 11. 10. 100. 388. 1115511113, 65. ·
555111. 962. 11136, mit 15 ιι, praehet m. 5511151 17. 99. 3, 36.
15115. 11. 965. 17. 351. 9, 63. 5551. 5151, 5511. 5155555 v. procul?
51115 1. kunst, 515115 degon 8, 3. 515555151551 m. 17. 298. ’

· ploch 51. paug 111. 104. 5115551111115. 1. 313.

5155511111 ιιι. 111. 971. 51155511 Ι. 33. ,
515555 5115155 1, 81. ih plhg 11511 51555151. 1,140. 51515515515551.
⁴ 5115 horn 55 515555 1555 mu praeceptor ιι. 111. 4431.

551555115551 Ι. 435. x prael, 555 prael 551515555151 1153.
51551151. 51511, 1155513, 162. 1551 51511 116. 5111 51551 1. 394
51551155155 51. 515 gemuel 555 5151111115 1. 9, 721.

551555, 5515515 5. 5. ιι. Ι. 301. 5151555155 1. 250. 235. 17. 335.
51551155 555155 1, 68. 63. 1 515155 141. 11. 408. 111. 375. 2, 74·
51555555111 n. plundemukt 11. 5115155 11. 437..

739. 515155 5551151155, plaudam 111535
51511515 5155111115 17. 75. , 55111511. 5151115.

515151515 5151. 115. 51555155, hut· 5151115 1. 55 der predig 115551 L

153515 4, 76. 4421.

51115111 1. 11. 121. · 515115 m. 511155 3, 9.-
5155111151. 5551551151 mg 11. 67. 5155151 11. 1151711127.

 

