300

2, 167.

11111111 1. nachon 11. 769.

11111111111. 1111111111111. 120.

1111111111 11111111 Ι. 310. Π. 470.

1111111111 11111111 ΙΙ. 700.

1111111111 11111398. 1111111241.

, 1111111111 1. Π. 329.

schwanz m. 1111111. 42. 111111. 76.

11111111 adj. 1111111 111.364.1V. 402.

11111111ιί1ὴοί1 1. schwermuth IV. 150.

schwart 1111. 11111111 IV. 269.

11111111 ιι. 1111111111, 1111111 Π. 447.

1111111111. 11111110 11, 66. ιι. Π.
478.

schweetent ιι. 1111111111 1, 6.

1111111111 adv. 11. 318.

1111111111 8, 196. leven 111111111-

. ven. 111. 11111111.

1111111111 ΙΠ. 494.

11111ιί11111 ιι. 1111111111] 5, 108.

1111111111. lv. 446.

1111116111111 1. Π. 618.

1111116111 111111111111111, 1111 un-
111111 1111111111 7, 61.

secret ιι. 1111111111 1. 249. 286.

11111 1. 111111. 7.

1111111111. 1111111111 1167. praet.
11111118, 84. 111. 168. pl. 11111
IV. 160. 1111. 1111 1, 56. 207.

. 4129,

11111 1. 111118. 98.

11111 ιι. Π. 655.

segon m. einem 11111 111111 111111
11 ninom 1111111111 IV. 190.

111111 11111 Π. 349. 774 IV. 242.
299. praet. 11111 (1111111. 163.

11111111 1111 1111 1111111111 Π. 204.

11111111. 111111 11111. 6.

1111111. 11111 (1111111111 ’7, 7. 1111
11111 5, 31.

scien 111111. 436.

1111111 1111111111 6, 60.

selden 1111. Ι. 148. 1L320.

1111111111 ιι. 6, 92.

11111111 11119. 218.

1111111111.
ἢ 11111111 ιιι. Π. 6051 1116011.

semp ιιι. 1111111111111112, 110. “

111111161111 1. 11111111111Π. 116.

1111111111, 111. 1111111111 1111111111
in 1. 1111111 11111111111111111111
B. 114.

sermon m. 1321. Β. 28.

11ι1111111. III. 197.

111111 1) 1111111 Π. 26. 2) 11111 1111
11111111. 179. 3) 11111111. 1111-
1111111111111111, ordinare IV. 467.

111111111111. 7, 36*.

si 11111111. 26711

side 1. 1) latus. an 111 siden 111111

Δ 11111111 111111 Β. 30. 2) 11111 1111 ’

111111 6, 67. 3) 111111 12411. Ἰ
1111111111111 ιιι. 11Ι 637.
signorm. ΠΙ. 198.

1111111. 1v. 441.
1111111111. 1) 11111111 IV. 416. 11

,1111111111 Π. 238.
sin 1111. 1111. 119298. 1, 2831.

1111111111. 111, 6. 1111111111

, 11111 Ι. 36. 1. 1111111 1111111,

62. 1111111111 Π. 584. 1111111111
1331.

11111111 laten 1111111 118111 Ι. 392

1111111111. 31111. 111. 792. ’

§ipen 111111111111111111111111111111,
1111111111. 11111111 1111111511.

1111111 1111111 1. 97. Π. 34111414
Β. 25. . 11 111· noch junfer 111
1111111111 1111111111 4, 98.

sk 111 nuremberg 111 1111111111.

1111111111 adj. Ι. 290.

skale 1. ΠΙ. 314.

11111111. 11111111. 393.

1111111111 ιι. s. 1. 1. 1111111111
1. 399.

1111111. 11. 592.

1111111111. 1161. 111. 1111111111.

slim 11111. 242. ·

11111111-11111 Π. 634. s. 1111111.

1111111 ιιι. 1111111111 1242. 1111111111

 

