306

111210.

ungeschmolten 111111. 1111. unge·
11111111111 11. 512,

11311111111111111111111111117355.

1111111111 adv. 1, 119.

unstedig 111. 1111111 1111. 10.

1111111111 111. 1111111111 1. 292.

unverbaden 111111111111111 1. 312.

111111611116].11111111161111111331.

unvermotlik adj. 11111111111,11611·
11111 11450. 11, 71.

1111111161 adj. 1. 60. ’

unverveert 1111. 9, 88. 711111-
111111.

1111111111111111111 7, 37.

11, 111, 1) praep. 1. dat. u. 111.
2) 1111.1111111111111(111 oben und
Χ1111111 11. 254.

1111111111 1111111118, 144.

11111111 1111111111.

1111111111 111476.

uperleggen 1. 177.

1101111 1111111111111 3, 49.

’11111111 IV. 271.

11111111 1111111111 11. 230.

upgeven 1111111111111 111. 314.

1111111111. 396.

1111111 11111111111443. Β. 90.

1111111111 1111111111 1.208.11192.
17. 409.

1111111111 11111111111 Β. 98.

11111111 1111111111111 756.

1111111111 1111111111. 307.

11111111 11. 111.

1111111111 111. 1, 581

1111111111 1. 1111111111 111 fl. 11.
433. 111126. van 11. 11. 355.

’111111 1111111111 2, 63,

1111111111 1111111111 1. 173..

1111111111 m. ausschlug (11111 11111111)
11724. 727.. 111370.

1111111111 111111111111 347.

1111111111111111111111111117111.

111111111111111111111111111111187.

- 1111116111 1111111111 Β. 86.

1611111111.

1111111111 2, 1461
upschwingen lV. 413.
11161111 1111111111] 111407.
1110111 1111111111 111566. B. 48.
11111111 1111111111 2, 102.
1111161111 1. titel.
upstahn 1111111111 111 20. IV. 608.
11111111 1111111111, 1111111 durch
1111111111 emportroibeu IV. 22.
upswellen 1450.
1111111 part. upgetagen 111111.
11111111 1112, 3*. 235.
1111111111 1111111111 11. 175.
01111111 1111111111 2, 75.
use 111111 111116, 89. 8, 27. 66. 11, 22.
1111111111 1111111111 111399. Ῑ
1111111111 1111111111 IV. 265. 274. =
utdenken 1111111111 1208.
1111111111 11111111 11. 272. 61111111.
Β. 31.
11 1111111111 111111 11111611 10, 11.
1111111111 111111111111 180.
uterwisen 11, 45,
11111111 adj. 1116111111 ll. 35,
110111 1) 1111111111111111 11. 93.
2) 111111111111 3, 101. 4, 110.
utgahn ausgohen 1. 324. 1V. 463. 618.
utgahn 111111 (1111111111) 11. 511.
utgeten ausgiessen 111234. 2, 208·
11111111. kun it 1111. Β. 77.
11111111 1111111111 lV. 429.
11111111 11111111111 1. 76.
utleggen 11111111 IV. 300.
1111111111 adj. 1123. 111411.
1011111111.1111111111111111111117. 1
336,
1111111 111 pege! sein 111111 111· ’
1111111, 1111111111 111. 474.
1111611111 11. 208,
1111111111 lv, 468..
1111111111. 187.
1111111111 1111111111 IV. 505.
11111111 1. 1111111111 IV. 584.
1111111111111 1111111111111 1. 148. ’
1111111111 mit (1111111111 1111111111

 

